1000
11769817 9467718
8312859 13749358
11885454 1940142
6768829 11358345
1746453 7152364
10822312 10281410
11251137 13467423
8878546 4166991
11505629 1037051
13196316 10896590
5278058 7713370
7944476 4623828
1679210 5451712
1881749 7590015
11567410 9435865
7368084 4781950
10647499 13442466
3863917 11400670
6404347 10225543
1619608 9445408
11970107 7961000
10079375 12874745
2396106 2818269
6421793 7946477
11886098 2064743
13126804 7428087
9285598 1431768
11654333 11325807
8548503 2432128
9487353 13698766
3999163 4932965
3674116 8852058
13378267 7807690
13260311 13083978
10338871 4258177
2140530 7646967
6868226 13072389
383893 4324749
1542413 9388568
13448587 5559271
6058731 2835538
11792279 2031345
371746 13155097
12764665 12532854
10508479 7517939
917418 11872269
10395078 2027487
4389164 12621194
2947220 12247861
7329941 1759587
8688810 5981469
989575 3111110
1764776 13979660
2078902 7697840
7795568 4726754
8359778 13772653
12176825 8682561
9339143 4872534
3845578 9006002
9610159 6071228
1645377 7990580
8451301 110176
10413397 2552426
2347578 451441
415071 3886136
10222390 908638
2367956 1129207
2520050 12178503
4675312 9380846
11213763 727314
7940677 12032959
6896891 261105
87443 7885844
7679937 5739186
4081377 12244356
1253887 9468008
900168 9540771
2548199 8441529
6723775 1604056
7712712 11480908
12996698 935932
3938832 1964236
5557333 12349504
10425275 3378218
12467050 4360481
7934210 11026295
4404910 1037125
12226724 80019
11910898 5841497
462998 1479193
6100154 13218110
5220274 1305494
9819271 1505387
8637017 12121942
12236492 334733
14060219 11101806
8368157 8565184
9982671 11933113
9185455 3213322
13872313 13677009
8009312 2424053
9656023 11892669
10548119 5136649
12636948 8887416
9006854 11605644
11736997 2269269
11273417 7606277
4759422 2229740
5028658 9834571
13271325 12338297
4581854 3977898
10932394 11234296
13889509 907039
9535411 13605614
319090 9441897
9287994 8679459
4888587 290345
6201109 13103260
13725596 10228435
5178356 12197994
5257578 10112100
6495949 10459737
14055892 10619450
10843330 11999158
5496191 11270296
11441536 4987962
6604958 11863204
13051673 5581589
12816831 10336008
10403122 8103218
4864911 10591045
13204848 8766937
7657975 9516486
325410 9735669
4020526 7376121
248406 10675656
1204719 2998044
7948984 5822867
11379788 5123231
11691908 12192908
2568384 8707273
3769503 13541754
6503011 5096724
5958332 7154634
694 11527901
6665116 13980923
9224327 2967990
11347729 4098923
834809 9284274
7193500 7783404
3459478 9966278
2100655 1808701
4796204 10973037
3217530 4188394
70262 10365521
13646546 7008810
1354595 8547180
4902674 11592066
11485546 14071930
4167173 3902754
3876391 13131941
6361028 10215070
10019694 8074858
6411797 3217404
12993967 11988975
3369660 7431661
1232762 6502891
1454912 4981227
6383896 7300899
9121834 12751062
2338797 9982460
1696134 11751843
9675464 6120559
736836 1432597
2489434 6654726
9776167 294805
10013479 8920125
8304801 6299011
3296391 5594962
10435333 5766616
12265965 1841275
11093408 8078489
925265 2789206
3581830 2643179
2357087 2023877
780928 10970179
13156051 9464207
1510267 9546990
5741207 1018038
13480830 5630304
11159602 277482
10351401 1558769
2171276 4731263
13770819 7966163
457156 8518755
3881565 13842726
9479341 7402398
5581074 8132273
6393742 2325289
9319885 13251338
12473203 2361106
7104224 13732485
13394688 1346631
6834528 6011696
2807158 11758910
13888836 4697711
8426178 2855260
10817652 2257796
3305409 9763700
12688283 1984878
11953620 13051291
405430 1682790
389496 10658123
9562122 7404529
11720261 9940035
7681619 13630313
8650133 3625950
4335683 5666610
10546578 5418809
7332777 7953919
5124360 6511784
2390734 12198460
3053587 4370351
10239460 2971889
9151439 6722272
5907591 7857478
9921800 7466508
1609741 7921072
4088108 4738293
2617462 7442892
8798382 11006419
2865975 5382900
2294101 329503
7856134 2190136
7239872 7591998
1912473 6473232
12603772 5816444
11187348 11202859
12545332 6279330
10444050 12437684
12267550 11998454
3074420 782161
11940659 7404922
12372480 816519
2191846 11936689
2186200 9589431
1686964 907962
1854963 9922994
5517433 6597408
4577090 1158564
14057560 4424888
3739394 8886506
589976 2159250
13949595 189682
2700448 3611418
3607710 5818218
2728565 3382383
12059125 9581577
3223906 2078007
8212931 10389837
11889016 12907884
13368374 11143527
9453251 5726261
13516147 11924688
2771263 11150727
8697630 9943624
5021334 608665
11323570 11214807
5286689 9274130
1013625 116195
12094125 9154595
4838724 2807237
9003542 8222361
12222134 4951969
4162899 5861425
7652153 6193081
9584467 7813642
13740254 12962016
8734060 7555695
6584323 5451801
351776 6334040
7059076 12077478
9603962 2510204
10269344 4202475
12933471 6022943
8220899 9517501
956624 2196741
10453828 2729008
6387850 12346116
5876734 6851004
13387439 884438
4011220 12299351
10386244 7791371
4821003 4071235
1977616 4425525
9549846 10170443
8067690 12638207
12620262 2616304
5370195 4846655
6871703 3008417
1831968 5562230
8098609 13836871
5356466 10074157
956770 13517217
1669830 5421683
11214695 9544027
3589466 10898431
8756525 8298627
636318 4622195
3529052 5796951
8337467 12935702
4299708 3415003
9280188 4183003
645323 9347570
1491768 6295655
11273531 2056445
12573309 7236733
2108645 12855070
9964162 7568457
6577382 14055218
14073760 1939460
12070568 12187126
10102744 10952409
6168034 10879951
9588089 3137765
1462633 10000892
9185994 3480357
12179582 1337135
1985800 4426488
1691834 12423688
6316881 11003190
7799800 8752891
8258070 5202879
11505999 3023088
12287228 5575502
7364955 391227
8129983 8169275
10049918 6571385
7052818 7304437
13219654 2194164
10788461 11086847
351521 6644998
2578471 7595360
5622484 9110145
452330 6833339
3305908 4768989
8122333 3024076
11353303 8149799
6486480 2280541
11950220 11758491
9529000 7661926
8894572 11027199
5628696 1523755
13500973 369263
3595353 10568116
13999109 1299497
5618519 7626950
90417 13717245
12092162 11754558
7108089 13729047
11052284 4040041
3660215 13215276
10421717 8072418
4891152 12404939
13571308 11053941
2518851 9491435
8475793 4850096
10872833 5881026
7064670 2627517
10950268 12467053
1422464 1427401
2051258 9036452
5102292 6070084
13413530 1570829
4335563 6107919
11035189 6340148
5265304 4434700
7871486 7364208
1992930 1569817
11332674 8625347
9859041 13595728
10425920 11723226
11968681 6316992
7728321 4753969
9340671 839742
3805978 2931412
11659160 7999658
1685237 5924121
12676097 1860746
11927872 9561911
9736468 11571103
394624 11615753
1920703 9229202
10447272 1001649
13370796 10848748
10626494 8336352
5081794 7727382
7249207 8735523
3205576 7963486
4363609 4291316
2451049 7105615
12292741 8638509
548557 13503626
9291414 9400506
2125543 1879390
8123872 3371356
11230126 1926678
11816085 762966
568428 5391460
5455935 9683035
1220783 7756572
13848631 6806613
955881 9274901
1216114 12113255
6277115 7996163
11728880 14018766
10288435 9312028
543969 7822157
1251471 9744278
8005903 1456254
11360446 5868532
9267170 4633527
7577017 13084567
7631918 4274501
9868054 6719818
180601 117808
3499638 13016635
4125790 8311636
5174977 1735710
12452742 4296764
413196 536643
9009628 9404186
12618362 6312466
518663 7678350
13407189 4932515
7697275 6010282
13308056 9868829
7421164 11724987
5028453 11023237
11906591 14010955
8278167 6671904
235812 9348336
5329153 11716089
6810244 5468044
7380987 4193716
5100936 6377694
5927199 12864312
12607790 10216930
12967650 4039500
1652601 6863199
5057686 8853012
1285871 8092473
1816001 6778608
3498929 6390350
5651614 5759779
9103141 62089
95167 4388140
2764582 10742560
627865 7640695
7306474 2378336
3615637 10984855
13846083 7815439
1584911 8862547
10574329 9186539
10069949 5462885
5052496 7553760
13000233 1339116
7191551 9843537
10858006 12801264
117526 2068057
3900067 11473747
9454136 13947112
1590551 1773322
10803832 13533765
12162846 2972976
11618453 3034912
13055286 12109333
8124202 3627788
1885513 3087422
3221286 7867019
8798783 4439338
518970 11668700
10830881 10062366
12574491 7648920
9390071 6686903
2934438 12656432
13285722 5619521
2994634 12655804
11216723 10249829
8924934 6627930
11903718 10577473
3718598 2189967
13929197 12713889
5450406 12498115
12871216 4365123
10946481 2575985
11478673 4521245
63031 3246369
11691337 6679232
11331318 7270627
14013766 4828757
4311018 3122167
14058598 12833777
4763807 11584361
1295483 6612497
2835414 1922826
571056 2605991
9768699 115649
11440658 8508427
793559 408489
11475651 7963796
3583489 13687163
3695508 9613942
561860 9676855
12959131 2229807
1789409 11716368
9360803 4372552
7050097 12535260
10026781 2663033
5545511 6168473
8147455 9523110
5483671 5702749
13341223 7930289
10751595 12398720
13574219 2988800
2626803 2883759
244778 4895083
6551278 3032290
533673 6233893
3289457 3028583
190765 5232999
7404754 1569452
1077640 583122
10579213 9582679
4093905 12387698
5326067 13963641
9231369 2185135
12574568 10343883
9956897 13602770
7960044 2990611
6226756 13382235
1518563 2488967
4758789 13213271
5699800 6536450
4421695 2981840
3332983 1183592
2175265 12839541
3066643 12024323
10222419 7348973
6064317 6350328
3220935 7883336
382315 5780145
6665501 11115977
5711100 10702368
1785859 11724133
3869889 10629139
6387582 9541528
12476727 3786170
3936177 9034814
11063294 14038313
3139306 1656737
8388662 6117642
4580656 5465474
9852512 10146206
5855818 11875942
242569 11071193
10136483 12786615
5834215 5735328
9611693 344183
409794 4544742
10572883 3674250
3563650 2883466
1579400 13261626
11805084 8118976
322660 12191063
2405398 13574010
8305433 9723988
12197139 4932051
1262293 7396625
2268726 6155621
4771955 10942914
9100807 5762296
3527535 10640316
3353070 5381602
2801389 6681337
5596646 14069472
6896110 13197234
8309911 12438060
9608254 4311484
9121776 7655777
5141008 11443818
2646344 10072517
5014347 6681223
11884248 2368702
6745102 4373997
9088154 2498112
689741 11414459
6662657 4310925
2446318 9400297
9461419 7746338
8614275 3639626
9028591 10961619
6209960 12177203
477527 2119387
7024263 12077870
4867503 2022720
7516976 3597626
8663573 13351825
8381731 10768650
641672 4312477
11617237 12743117
3196146 11764566
4855213 1833681
7739245 13493629
10328343 2949217
1658823 2678156
366868 5662752
9967253 13928095
7611337 8031601
2592386 13734918
1229490 3941320
7018549 346778
7955591 3735924
7042912 7225864
14008563 9263946
12690597 13525130
3881514 6332225
8763766 9877756
3481837 724068
6553858 7344821
6765449 4850301
6264100 9078169
2998955 8179069
9721647 2715272
13367514 6650844
9024899 9871540
11589337 1837043
7917115 563417
5074141 5989187
624306 9292292
508170 3330087
5230927 10005207
13699219 13258397
3826492 3793694
1897964 3068666
2021699 12999358
2621976 1613165
9103618 11499095
3725209 1421644
5586450 6754127
1894966 13680003
1019597 8799656
11102316 4184019
6022852 11474995
11870064 2444526
12698305 8208258
7549684 7662299
3689348 1935879
708777 3880553
6645947 1644850
1421317 5611864
11626812 11967390
7961896 12532171
9653689 10864816
13901994 11421058
3748123 8123305
7223191 8095623
13175657 2531563
8532070 7066531
13907954 10410485
4304329 11595630
1639668 4733913
11205672 2833105
8743620 10573626
10871973 9405153
9855950 13151664
13494734 7315074
6987578 10843068
11165223 2092491
668338 1981901
7397906 5670914
4420658 766838
3245585 7187236
10487425 1550924
6905968 5272024
2778685 7911822
12352630 4029112
8731546 4866048
2900438 4453714
10799698 12062607
13251827 12675016
7623458 13090926
11889156 12466493
5623373 11258502
2273676 3421193
3156497 8473290
9430299 5777048
11567182 13620679
9610923 12615345
11382031 13919930
1313721 6878029
10325158 12362172
4792713 12635469
8222448 10583831
2155529 1710364
563968 13559670
3488006 12375009
5345885 13976790
5580610 5929844
8971015 4078552
8216786 2313593
1255408 2784702
13774822 1415437
12556463 5228709
4861960 4826650
7023638 13785500
10103696 5993365
8563756 10800556
13839379 2900232
4523613 1587606
363013 11318205
7480675 174206
2796064 3432695
9704739 14036504
3357224 8946637
7170204 1783800
5431584 10114550
12118353 11401994
8278568 3450174
10289021 12470228
9193890 9489443
7355076 1898484
13358562 395449
7167159 9147059
4805442 6709303
13209306 13983875
4649921 1043026
4934660 10294780
3923611 8953218
10055508 4826167
8204140 2131552
9858602 10433341
13906824 4687905
11860758 12636943
5495388 2914721
11919999 3976744
2086791 207873
3851795 2316133
1699740 5070008
2814457 10267082
3953097 2988273
1085912 8322174
13536776 3833878
3481878 12074904
496666 10904763
4886663 8105166
7534146 7117429
1098939 2032623
10190067 12986523
4241012 4508262
13157096 12095862
4775493 9087802
5067845 11313945
2246172 1815630
7427980 9700559
12754142 10876300
10982192 13904713
13853876 8561263
484404 13913252
6402562 12828714
10263226 7415791
696710 3982050
9061863 6347780
8200808 13707979
3904720 12614294
959556 9855113
3129968 7116135
4794658 10470750
8108323 9631175
2532923 3412748
9355940 3748298
6549780 1317496
11671806 6855591
581023 6698229
12797135 11979042
3857265 6339460
11054539 3665425
11692107 13286833
1530418 12243148
4443204 13138615
3857175 5939
8461660 8614806
5023597 7358071
8045474 3756139
11746555 10037119
8020345 5343056
11096026 6563132
13796908 6524981
7518886 6171898
1010443 7597686
1300719 8729506
5434102 853487
724476 655406
10850726 9091122
531416 3817882
12778643 7489167
12742839 9998035
8935146 375210
9243781 7069567
552574 13327920
1601656 1305686
11213762 11915959
8430071 1958952
7818669 6160243
8811552 9847201
12691523 8353252
12229949 2133858
5669684 7016073
7536031 9897222
7540259 14005563
3808049 3584787
11228071 12033841
6163309 855989
7183486 13562986
12153679 12595121
13656733 10939615
3804698 984213
10051790 4580579
1489038 6629040
9861686 7601195
9827434 6994261
1510302 7884567
8084599 1884762
9368072 12151061
6131026 1020569
7120555 7196978
11855413 9201593
13692960 12626386
897377 7485463
10386474 1770360
12245674 8548569
1991134 2305090
7836234 8302001
12221324 3074040
9140371 13615267
9132625 1335293
10151551 11011547
10045320 1765757
7787640 8327971
12788514 10586352
12129791 8007934
13894193 13624623
7507894 372483
835649 5386649
12358989 3689607
4850710 10717372
7801797 145738
13002753 2773416
6342142 3186358
14063490 5741834
9097878 1350264
4913751 8746665
14448 12904931
5945393 4298810
1272092 118188
2607258 7533637
187638 3014484
9123656 11789717
3206421 10653808
132599 6748171
1973491 10289263
3819172 10810791
8972496 11617268
4666263 8923644
12335404 1475286
33104 4407008
12367132 4364949
7872631 11938069
561579 9700263
500230 9187769
9120197 5198035
11126362 4504585
7722379 10925317
10823901 12132094
7039230 6415929
2917902 889560
12445912 6167887
2419032 9170634
4050045 11376164
14035405 5808281
6643725 4012279
2784176 10149502
1541717 12279057
10613921 9612647
11557170 13742449
8420419 6543628
10024380 2929902
1062818 9613915
33355 8306010
4527325 6910156
2999992 276025
7485964 8733370
7827371 10307847
3977075 921848
9965267 11871586
47938 9928498
1282902 3008161
4883132 9207392
3455881 8558418
6670369 3770098
3731319 11343202
1067653 656080
9572368 9926847
1698177 6450677
13067865 12259988
13265236 8610544
2781276 5718528
10059812 9361996
5371164 9733119
4257968 10214176
9627032 12214614
8645024 9015301
112579 3377366
8771877 6894071
9117913 9719349
1367911 12404730
8620463 9068630
12753457 12007139
11420974 11597260
10550586 3429510
3747128 6995054
13951051 692237
2558770 4557616
10972786 8297256
10935357 11322159
8347364 2163905
11815763 12591489
455176 5974750
4950423 6193477
6047277 13613306
6207541 4542951
2056550 2088681
13376537 5895936
7679135 12406794
11726412 1515208
7987407 10205839
10287875 6553452
10237677 13588126
12189821 11244992
13901566 10524093
8042001 5244833
10591550 8273621
12813651 7740344
6483187 11047739
1369299 5774119
3847157 6061792
10129148 4619947
7955006 5378064
403257 9052290
2373588 3941579
5075131 9321429
6067391 13593646
10474870 5812042
9407109 10745195
13405327 6734478
11226112 11600520
13528892 8286677
12889719 1179774
8265787 2988350
129383 3614894
2468301 1892823
1192133 6112449
12790772 9487029
9028426 13672409
2581732 5093114
3407421 8585858
8050128 1605500
2193416 11598229
11167139 10251550
12994142 7427012
9569800 6404338
1908038 12267246
5094031 9633231
7054672 2366166
1003404 1322045
2728060 13685481
12605852 10554771
12999507 13843441
9702556 3371861
9018554 4448776
1635879 12012250
4232784 7813554
3282510 3671057
12916865 6216146
12320073 1719891
13474259 1967819
2646774 8664298
10754672 3703474
6763465 3126270
13897389 4433903
