1000
1089819 1494091
385930 545258
110020 682006
428878 759891
870537 446699
1182827 1500953
1446470 870880
616412 408767
1083744 145056
1165900 906302
97541 632837
615489 178188
700348 1007827
1258161 942209
1409263 1195069
899843 238166
781466 950937
879896 1426442
531611 317067
179223 1474964
768002 24131
446268 1311774
852728 368218
426110 1418568
1187483 522627
1479165 196491
1491466 572574
382541 1473925
1329311 1264027
697860 1091683
345940 1266564
1433750 948664
181467 709757
851129 619597
570498 1370734
745754 106327
1208413 954774
746370 364860
490933 526509
843433 746411
419300 942578
827976 840707
1179627 1021861
498902 27415
873704 976742
1178929 1272814
1022450 580
1361804 342816
75679 931176
101685 204957
1224184 857170
797270 894542
538916 394735
566792 1404181
1360776 269960
116565 129356
252055 687263
195103 1427925
1019573 714729
277707 52834
685229 988836
1118986 291454
1228386 599399
1140297 1399982
799465 589656
231548 892067
1148894 978288
704288 979354
1144370 406326
1163830 431046
598036 556664
1151254 464468
543532 612104
1496134 801230
1117718 818268
1319635 1188286
381819 471392
606670 754968
806294 433939
1342492 461812
1359389 268722
543100 306161
423884 1007344
552982 1390815
894467 752383
258193 1440549
483905 1002894
1382004 388956
262754 140510
1522543 363188
207335 1040244
1356299 1075910
1220135 915997
387821 179923
1329632 253781
172545 1470055
206592 1411754
1141331 1401919
1433271 231262
331533 1107514
1495559 1140867
827881 229805
629115 312907
1133976 644964
186266 524970
617774 1101783
1225954 1201474
1288748 666017
1048758 396793
134953 126799
333827 741167
1120917 1063221
200387 1390919
687300 639618
750419 119777
996388 893763
1032481 1080354
525277 110353
273085 1380451
505059 1223270
848693 933933
567956 1107866
1181888 788077
1203940 1352282
285764 550260
391849 1317870
388784 1097277
1229894 874975
737834 1029323
515318 585448
1352001 779840
1048339 432577
1196778 667311
1075036 491558
1365011 840346
454015 859175
610020 760387
849993 733419
207889 1030757
939706 210373
1297063 130730
666195 779899
699894 288645
1217436 475353
1390851 1166770
104507 217066
915708 742401
377503 1144101
353808 367004
377748 1186066
677094 1187956
1233358 1087469
324362 459322
1080529 878471
370466 1003083
433559 601456
1263128 508835
261621 984896
56902 645773
737537 473272
181480 331428
747793 577017
37805 1088779
666441 26605
329108 595771
817466 1160782
517568 582859
988184 1508414
474961 448131
182857 99565
665934 1028558
1124817 208999
570252 1041140
637266 765984
845962 1040364
203083 723447
658268 833096
668246 489292
1205343 1291469
1342631 205139
1371808 1032664
1109140 1150667
1000201 196106
1266862 380315
1511167 495684
1470003 949166
573193 1053234
447411 1045947
1480688 805709
108590 393824
632143 282367
15111 886979
1400090 1229142
1524228 230630
1337453 216871
406672 1076408
1334895 1559
435559 679501
153147 729846
791076 306359
1084188 287072
1446633 937824
132162 924896
1307059 946321
1326239 44741
264755 1050532
1151772 707098
1509835 234253
572887 460394
1335911 268725
431290 1444097
1395950 1313836
504473 1304012
881611 229931
696288 1330093
37882 1283524
333558 386826
1327346 498
233056 491297
1292787 1211648
1150372 299252
777861 933055
204111 1391112
200834 252603
1121507 403987
411973 453457
323903 1518965
368528 694206
870560 1005021
238001 1326946
1377344 1044820
968505 999996
553513 804864
1109506 184349
838544 1373120
735808 1155919
1127135 955303
429396 722712
1408152 1486541
606790 710676
440917 123032
998423 512906
731675 562702
1224098 1442742
657584 541929
1208455 432923
281477 740890
550583 366182
1150113 752593
619543 232536
1433886 342776
456204 486234
682305 455903
980866 1149160
727162 403572
370353 116934
65363 1021338
645971 48871
1234546 30247
1007369 175511
88832 235650
1060374 903538
179269 815793
148065 1308053
143905 123241
1485512 1130228
999136 309660
552224 249913
27504 170739
269412 1309632
936432 439086
361352 1159191
1165463 384401
1370649 640636
1082275 734691
108256 1176124
788616 946295
677658 1204143
695329 29790
878146 52952
883878 787830
21766 296832
568578 42617
56101 821981
1029539 500054
1388629 1101265
943561 1386757
829310 14887
979461 82005
448313 651914
565086 795392
1292262 346709
1433501 1167255
1435080 1165858
447973 879941
164492 752529
708395 1157753
1346546 650094
1300729 1485042
643540 164879
522593 1325042
706389 807330
677217 45398
1391730 1001363
1103227 58878
754271 705114
829338 181799
1302036 811015
1146749 1250149
1074833 522551
1214107 66934
261686 140623
971434 174123
877270 1366388
1498289 833159
743110 1385853
637637 210717
643145 649602
746110 970126
831118 120760
771943 1468090
1456233 13013
995793 1204891
232146 164752
140587 473112
74508 1258196
242793 1493279
1073685 919739
402519 1177542
338210 531040
1047994 3081
1042540 1454433
1231289 515539
1003249 98886
917816 139806
1395874 828492
307103 313731
555520 548295
225778 1363316
1181218 1435833
1052417 275106
467438 1252842
240755 794935
613501 837563
1480589 427616
1416612 1100818
116627 431874
201132 67728
1165116 292167
1018089 1445074
701873 926731
398462 982549
1243112 507120
1080280 1306650
857039 356873
166410 421807
1347805 335767
817951 519754
1014505 1473901
390357 1081540
137766 1116254
457500 961730
334290 1233517
1324052 419052
1307963 383758
34453 360766
1301467 325647
184197 765181
500402 421608
15819 408252
1097476 842409
1129876 1341947
253772 1375835
18111 613948
1040623 265100
1409807 1522172
1289181 312346
1428484 1255409
978056 157879
844307 1093789
1030179 614503
155183 445247
1050947 399543
1318430 670342
77060 1486447
1265558 170154
266114 485685
797148 643385
238124 1195344
496146 722691
366375 488014
189306 1334708
1126389 1209500
1181834 1488350
1384195 931766
1364909 1004780
32055 1521720
535403 1098322
1174258 1521804
1057310 1468183
1523896 395466
760093 1285473
1064104 1507372
27908 1486829
1387119 451807
893173 396928
427332 806294
25386 138581
667037 829817
1203185 75545
869139 1404931
1240699 526013
1067832 1478686
392227 848308
477502 307110
980768 304760
221528 653213
537743 389272
785161 170666
964809 1074480
544946 862976
1488130 1145975
1467721 1318232
762113 912635
696001 1291442
1397149 1406876
375842 393209
1130008 1296577
89228 462522
552237 569551
491308 484925
1015162 427206
1241845 100869
549079 469262
123252 1484133
564936 115338
1157065 1358802
757866 179160
399542 836876
647125 158049
771955 946764
556527 563126
675529 298128
286959 312076
762414 298714
164368 1086592
883411 955284
583722 1434759
913786 233667
845075 937531
706917 496731
164042 175136
956359 1352411
267563 1176598
324525 1077665
995791 545467
666012 792887
625652 393625
851889 457702
1096314 741621
225422 577182
237499 497527
1292457 1507916
175731 310546
1068199 1226992
1029975 205716
61580 747652
755423 755410
122483 1297661
1115910 992129
378080 320784
422888 1016252
1238412 461714
296414 959651
146232 1098398
401231 1282807
1010352 956744
262075 580734
881937 256696
66061 586215
1033211 998510
1362014 1329901
997140 1454506
58661 438271
1018371 1167863
1119528 1073172
1359207 638317
384120 555668
634031 674955
524510 436887
441744 653385
869581 828150
759779 1069588
90293 491664
1184557 1350321
1261122 229101
1457358 1119328
211290 280517
818096 291223
1109048 1389000
1101194 753701
60393 187469
1222835 1080312
1025432 932895
1343176 708326
927639 803706
379990 226182
1236490 174034
885672 616556
982471 1264555
528246 285637
958231 68987
1228491 628232
1058367 935949
1328431 374617
1040096 1507505
1069674 875855
402753 195360
1181559 582840
1229630 85439
1482235 771073
142879 1365927
472023 998487
1203333 1495756
912925 1417859
866402 1232008
1228773 857467
491812 722148
290785 1483553
529488 626083
481860 901224
843898 1157976
508589 783706
67966 361932
896145 1185273
1374915 1464246
1224470 1210052
1260033 1465751
1453272 1425799
1254761 751390
723046 551291
268879 643286
642957 1008654
95554 1189730
257943 767097
385417 234587
826118 1296001
1035932 837790
502133 1098063
1521637 1205276
733155 734461
671523 1255139
728133 102615
1176909 37876
560744 1206677
679184 1149309
1468149 927265
644765 568786
585524 687565
712028 655353
1254037 454834
1521079 1423940
192052 843799
1447317 341196
363054 1235780
525201 1252320
1091675 615072
1282024 119813
1356979 177048
851736 1504828
1291770 1142996
1086465 390803
224518 1194153
1515806 971488
1058294 202775
721960 724398
369733 519298
511903 713926
1246937 618440
1428906 409380
1454705 1173240
108996 1029355
843554 912233
1379318 1266122
1506096 596992
155673 727524
1368063 1428720
625020 603985
25502 681243
328678 1410277
960002 754160
949962 296519
509017 242374
1223368 423106
1419748 192759
1494398 1093545
551665 952483
419975 912507
1248228 1133062
1133478 1206550
83718 927036
329225 375886
129205 1468440
262702 1331550
484856 83509
88831 1102991
443563 916781
1256497 346687
1504469 849573
622109 1475364
736254 1112974
458413 80025
1382904 263057
907237 1341102
844199 1361929
914198 742010
1202362 1326851
160242 75438
1430641 812570
841120 256053
1438428 1173704
984707 1010387
1224949 1229712
1398507 1112775
1439614 444607
625913 872541
200943 1153211
356491 1155091
417519 143818
1317816 611451
1414706 1325743
227441 28560
670631 574459
448153 1086186
725336 387520
1202397 16270
724036 745225
1457814 936897
1331679 376506
236391 233763
1133059 63264
1069860 178887
889250 1063479
851179 1156188
458429 497441
1163781 1500821
1041663 1023997
29039 514733
1173162 27431
1339795 1118285
728703 1038686
253157 128193
440005 824590
133036 434640
409495 946122
350409 1042267
1231061 607760
296880 1418799
1489355 189446
599019 307101
25108 3628
291455 1281234
922313 1230490
1457826 436967
1160419 1015227
1069409 164851
1126198 344869
1471265 231136
76243 697862
792473 123383
864899 1501342
161377 429091
629100 1022465
391584 815436
963898 20827
430970 383982
833020 739809
44802 971728
299497 132089
967279 834666
763001 547225
1302444 1074636
616709 1164876
828049 1007987
467658 274240
488354 1451477
715803 1467132
534701 497035
101330 441078
338971 704206
1012077 253533
1212565 268928
736150 755565
1067470 1410977
1182142 310074
1354380 645494
401307 589306
463266 1059911
321114 139179
319135 1434099
817567 138485
1494878 334302
986660 206193
1118105 358366
1356167 1403643
248581 270583
742716 1429312
111470 1165493
507262 868220
303399 284685
535246 1303906
608091 1148907
1523870 808452
311741 832026
1305208 168358
542673 1033975
355923 462297
5974 857352
472403 57111
923424 1399818
1019398 1102762
1073948 911328
136550 726029
1282138 341533
42832 1255347
838462 313200
211977 135887
695499 1172474
1095596 267266
796255 803460
180308 380824
996727 1115687
1314878 989428
1149709 116646
1147201 399873
1484898 1038475
719610 1202208
1062608 901691
643657 85979
1065914 590800
159947 999714
689121 374756
607715 236521
481870 1452654
122546 365291
975162 1456430
817423 220824
1110880 607326
753108 235085
103619 1001802
989447 151148
632642 68626
264301 1389813
1302303 898747
1422198 1434244
1005108 27328
389814 456712
660623 698202
23895 237237
1325431 32536
522264 540734
1250703 1170515
797297 720735
326224 986480
1056475 1206737
341888 359821
755542 780738
1272804 400256
798641 773361
155232 1319326
870180 707411
519145 316714
1495880 741861
459289 459006
610744 458412
437741 447099
1066438 1469708
698394 695745
1166290 684938
1351501 1382148
248412 1046786
688422 1156822
862222 693097
447293 947127
89176 792821
1057274 944518
863211 1014706
537630 544387
93640 383567
755284 478508
156780 905653
694506 1429525
1349802 1381173
6621 1494056
721446 1143955
1482467 165691
305093 346332
252796 1194977
1324507 879654
803973 1471234
1037543 63224
1023390 827388
1338237 706134
955930 1131687
1237967 104226
1080550 555072
84042 1068541
864615 1437383
218234 104446
696757 1439946
1353354 250021
837362 1247320
491026 1512275
117207 868431
945327 470193
932806 1344602
95668 928186
1032876 525785
651521 941745
1272843 1204158
596318 1511533
626899 460014
1112094 615925
142113 1432638
442189 837476
472504 1082069
382664 1382161
403658 1367364
273908 479493
1293448 590198
118420 1294662
262869 764183
957024 568373
680451 911308
476906 158623
554485 784635
950486 1307500
766794 951154
1356809 1509932
891328 354529
1003475 1057875
1325544 1261039
201382 546087
954489 1302112
522195 1082998
1063190 797206
149857 7493
67896 297620
994782 1059662
1270384 309019
789833 504377
704750 1107428
156962 673021
1145313 876863
779156 715548
640817 1429581
442479 1159468
1495208 773603
396202 1001238
284430 965516
734276 780959
1343511 1007354
62380 1522108
676419 805527
1301024 1327261
370900 727678
226124 429498
337374 403152
720068 1508608
840082 98525
1480090 609038
272896 882033
913320 857482
617727 467877
1399804 191077
732070 381813
1229430 1440169
1178959 1236548
499698 358109
1290087 67003
1081719 748241
1175129 344619
831768 1184419
74155 887626
95101 1142155
228504 9518
369087 309740
299556 751190
1070467 1152481
653731 867493
745006 855127
823235 345710
1278357 1059945
1095314 661755
735727 433071
803045 972375
1249490 737233
1451058 301110
1495979 1109256
311497 996846
784934 652206
517872 672298
357800 1295818
893740 105219
1445587 1511621
384583 469340
334804 78241
503415 1260596
1330972 400317
502027 1428189
1375363 532172
1322236 1523971
1077538 42233
797633 378591
1044446 1111387
656167 397827
811300 672469
909698 619062
989467 525115
179505 219734
1429994 1049166
1367761 716627
1505799 1022982
1100446 963811
401400 864696
1060837 377731
232838 51835
525195 309029
1041301 274752
1295715 1323505
288943 569600
269790 1277463
1382025 541077
548827 414517
1466198 1419540
1511001 130679
1317210 23454
937630 528103
960282 224835
773340 811305
1458193 132726
246295 1505094
626433 65822
954359 1310482
361062 1055699
1358601 1168006
1074640 302438
1013911 800260
101157 617096
938587 255769
710607 409918
1299692 801759
1142255 1433684
392662 1100896
90619 1326623
979270 142996
685167 932565
1050293 1247233
1108316 8809
263252 1349081
312199 1066569
1141599 267322
1471590 181721
847959 259644
143557 918501
66356 457499
1239845 594526
303513 1187791
49612 221829
104323 774176
612027 1287044
904994 323894
51051 1259880
1053305 673162
970779 879834
776530 950566
543271 824104
219810 1390675
1281051 204697
881439 1136386
1309433 1476218
560861 1446031
1263151 191921
994414 218562
1506519 1181771
1424109 1269179
666461 80457
346853 1155226
1134957 188090
1154839 184037
643789 561550
365458 1034848
1299445 518378
588915 1260696
1391262 620146
59118 1104473
204192 443164
1212976 955632
63156 913166
1083179 219017
