1000
101107 91638
3681 127903
223240 228730
247835 151920
53709 23496
99520 182319
37728 183245
214737 53837
214535 110018
135595 35424
234851 80095
37645 158134
52658 14874
208490 34412
64131 93190
52134 251951
25324 225710
129051 55015
88396 176017
18320 144667
205605 159162
262574 119252
88431 201048
110491 98819
251864 121728
148177 239164
86193 154797
126882 69164
158271 115491
69417 142903
163889 6147
170478 130961
157923 239839
44033 40440
47304 237154
118655 150251
186361 29203
246306 129499
169898 262453
122794 37074
196970 244773
245164 202514
203418 243081
254607 54277
14601 195019
203565 79938
157426 161717
138129 78450
218201 102860
40174 134576
95210 88123
251835 27712
240680 110821
75344 130551
130730 263321
36424 236586
8379 222122
98541 87018
208898 204059
261758 145144
29249 143308
77835 55682
83725 40548
187010 108096
153177 199052
171546 8081
101240 74545
21397 94858
86739 23304
204236 115589
170622 126181
215925 188839
70709 155024
143136 201259
250760 240790
4763 193033
223991 44297
11796 261499
66218 94832
211642 158617
73276 99911
27301 256274
110822 229222
261088 263127
20503 92804
50732 39973
140468 189662
96892 211738
226617 230277
203451 97938
118363 126043
56877 33834
237051 192616
104619 146079
236175 130696
71459 145338
165187 6918
192451 33848
229333 113725
143294 194224
59084 263947
152667 251781
178949 83435
13149 14495
185434 248451
38483 148588
192143 217015
186751 130140
151106 232812
19274 40020
102190 2249
171929 85616
8999 92195
239959 13485
251490 112516
173548 180095
117820 168529
235133 258129
83519 244861
260478 226184
248038 24370
251767 127414
19703 264081
122760 53894
239506 126570
103566 57350
119744 177991
183174 197473
246766 33507
19098 20477
163843 129782
71510 248982
156500 189295
46565 2212
212619 227658
172731 132187
192758 217618
138409 252542
201884 55701
116860 169830
232063 136504
101760 98394
180731 215690
22836 133130
814 70782
31061 202379
123634 227096
103998 154458
80387 226529
65035 2852
3615 93936
159034 100588
62443 207932
176157 245634
256471 243016
51197 218673
135891 247633
65618 258351
64 131544
18729 147875
2426 26805
2536 229212
249210 70895
76627 240473
107352 18752
8220 246883
209416 183924
66151 85650
227915 250214
205205 138333
43367 40571
225950 247197
66219 140692
117963 124630
36543 41756
191138 14260
29835 94707
222139 258848
157622 92955
200082 253415
83575 82159
52655 110343
216624 166888
228072 26981
244583 116445
122864 101646
176556 158851
24853 233150
5899 153839
121829 252566
125523 14487
14940 220048
70960 185103
38470 14292
75749 148426
141803 245063
250404 251455
75423 196225
116734 247306
56568 165076
256302 141907
10995 108583
62672 73032
51307 196
3346 48432
6437 10832
126653 206756
4292 81171
90989 65999
8850 68025
252069 215178
25079 221199
71004 143175
227660 61704
245690 226927
238165 71638
118994 167517
51908 54652
202911 228718
124247 106057
30422 207043
3054 102138
36519 180556
126317 175882
178622 64555
179244 183420
234203 70249
164271 59146
238358 186828
159957 80082
234047 238241
209907 78491
216731 185852
28582 231282
144222 58907
31693 27389
20190 103130
152016 108392
1557 165480
135098 90807
210363 202861
75847 223440
98621 71084
155482 27733
80018 229946
5327 252510
126843 191521
233591 166719
60770 52351
61882 104902
183002 132665
263692 209621
130081 97717
9364 36582
210913 246040
219315 149500
36575 107779
213799 153788
79250 261080
128512 114738
127165 232459
95301 70975
48279 255107
96143 111734
119613 96380
64121 102613
8756 211172
178951 128912
190181 78379
129860 111325
188402 227993
176048 55190
247602 110660
16097 26013
56939 79515
177144 200278
17632 61038
139671 105666
257624 74086
86607 185359
164135 105362
251794 196090
206141 162391
21874 210118
241220 199030
63219 114617
227066 189863
181141 51647
249521 64839
225506 233797
51019 83144
251683 39792
169645 153817
258517 87500
28867 50574
232832 14772
130550 83933
259755 247405
55852 7827
248491 172099
154546 177176
263325 186518
255714 104086
56876 176927
110776 155891
211796 88028
63270 3259
56325 264035
108796 97684
207911 136343
84633 108482
3856 96316
96859 7170
178471 225152
47468 163167
177356 252573
181812 208485
8864 53333
2426 81555
216860 163283
240264 81303
64960 191474
198214 197867
171563 252344
181322 186930
159381 247716
64629 12068
137572 181400
169127 203164
141194 45395
174336 195217
24855 198180
236664 158012
194784 17027
195272 166850
17792 115307
109823 23772
198723 244589
241002 58665
243682 25483
108116 98298
142937 139539
17351 253020
97017 241947
202525 162338
138598 70788
3935 136236
180899 144073
22749 153255
73958 76872
17437 95264
178045 17558
57575 14191
80201 254804
231323 144325
178113 254926
229488 186020
61189 144085
173817 179850
199543 226172
57320 211180
143092 155170
162526 218347
235129 21977
173189 145791
65385 18092
210771 179534
144944 214716
100240 143552
118619 162669
73960 86186
140316 197000
62884 104332
25227 158814
159528 3030
253812 83564
1921 107257
133070 40578
101088 49224
132872 81700
259360 121266
105365 262883
210906 209213
185880 53585
156626 48823
109473 97117
41900 61968
221498 229148
53856 62476
75033 104726
25763 97281
48559 209012
152071 20080
128264 83561
87509 234488
262024 203961
253874 219999
162102 192932
125525 79897
137515 181183
159703 77388
129000 215558
162613 104759
258311 48246
61590 219565
103706 57066
21140 81211
184847 176157
172053 158067
55328 31327
75514 45737
122494 210573
207106 131945
205123 142721
30471 156522
194755 159951
100558 154640
45790 39406
244925 179322
119567 99498
259981 94800
23069 163992
209764 190838
210770 5916
255767 222950
67355 81321
145260 90697
236207 131236
93265 187299
208295 220071
23189 204015
85407 223371
56058 36592
177059 128724
237207 165562
175556 54101
251431 92911
174528 112268
225101 119750
61826 43044
131045 19344
219907 259921
200831 108921
208851 249186
70273 100347
195073 72454
168540 52399
34408 199474
211430 117691
213950 256015
77 33392
116883 29874
167817 118790
220000 250548
198541 13307
134082 115558
43191 53318
132907 184333
5381 130150
76546 39357
20759 191148
32283 2601
226615 111037
139214 247212
179788 38331
141275 154831
140609 95095
190167 63444
55006 48132
130399 197208
221980 224560
44355 25208
166465 257251
124562 253082
8784 83805
23109 149406
54304 117038
33091 179953
48145 104142
57169 243713
69866 131639
133974 225683
185827 165147
31351 114213
36744 243762
26279 223229
156823 64714
44477 30983
167454 61820
150918 187812
222115 237549
124368 100834
263963 74299
158747 189542
46590 107783
124790 82294
206395 263693
54125 257073
209595 197758
264194 162017
198401 104765
10311 38363
73935 141617
179222 170112
41271 95223
33829 113531
193583 73799
142345 96367
140324 219974
145536 39058
119067 101399
107203 129518
143081 184949
128100 184210
231108 29820
5387 104444
4063 247799
129373 199416
191328 261747
82647 92478
47563 126985
163139 105531
78971 243484
253684 116290
263845 216375
150359 12638
100039 54493
149792 30282
67229 43624
229110 209466
63096 29738
201108 144433
187875 34755
27767 37132
44076 39573
197502 254094
2749 255955
39546 238860
130814 216961
150994 137434
222328 70654
153212 44483
156545 252526
183132 2871
61839 124958
194519 26763
238319 161438
189111 187294
70305 155370
123182 194351
226740 33035
169438 49582
124803 137432
66448 11022
145003 127547
172908 201162
24742 142250
93649 106947
37540 237733
196154 42181
18602 241618
101897 101962
44473 47524
197931 220209
439 221927
198631 120381
241257 236209
159989 131516
149168 41343
99219 3821
230702 85057
180725 190377
3870 229996
164030 192832
191335 74696
71969 249613
143400 194490
128322 96990
81404 66215
103653 224781
78177 125720
80732 179001
66531 175277
91772 73251
103528 164576
96162 101783
227520 187542
215542 205897
212940 155674
199135 70637
113161 106646
77656 57902
235239 235157
149654 157143
190516 189998
82080 91728
191912 178175
114300 212273
236487 872
197607 201776
226601 234803
109579 241615
88258 73684
40654 148495
258782 131401
206014 45527
243820 114652
213742 77281
23490 121245
50667 169504
250951 3287
78324 89006
56280 94717
125119 225065
34639 229353
210205 13259
205976 194328
227677 246379
87448 153079
179089 209063
189942 49275
56717 151368
107195 23746
242776 222651
73427 95744
101488 87811
185289 148038
32422 101240
261170 111991
94161 72948
140855 73628
160571 51697
92365 147887
29496 192694
47024 29034
225979 131265
66667 86572
17754 7667
142158 17967
154121 159163
101030 240070
4238 201004
246501 255292
86923 216294
245005 126901
50053 251515
214725 109889
155847 3700
227049 233803
218548 39199
249520 168935
12931 2149
172909 107458
174063 55232
43581 143312
38601 192546
222248 163054
213106 28789
58473 126212
79896 218674
123781 73687
1428 176776
208281 165509
205842 258865
8498 127825
14575 57598
6479 165784
260639 258729
5927 257591
86695 175016
261290 231604
96206 38247
3980 263042
59892 186840
212451 180155
152858 226043
57514 86441
95981 20296
207978 147433
200275 198858
66444 145860
99316 182693
119039 252935
93212 256065
173335 29910
179029 47176
87389 7982
204585 155966
114195 157192
29319 172648
208597 25385
29155 253035
76354 172411
260997 52626
251643 209769
3644 111713
160468 4567
46605 192753
29137 190288
177438 220699
57714 58489
180508 159663
64085 23652
84738 12062
61138 231961
64941 96894
40055 28420
118145 201759
77834 187355
154934 104248
150955 47725
120684 78870
158477 250508
263430 257551
3201 169779
165434 242804
104762 65534
213531 152696
145321 44570
194861 107886
143230 51229
122740 84558
38329 136873
264240 51449
193960 75229
40104 226321
21998 172200
255204 205006
216586 249212
144897 62576
1244 3588
136924 40900
6721 220492
133931 75407
226635 113049
220580 47701
186783 181790
32886 238186
173187 5789
67565 222592
43736 118572
65506 88614
256947 170779
4702 41251
61506 220863
135336 61273
212427 42973
54516 21472
263903 214619
104262 159677
176100 237853
186186 70410
101831 167847
54908 29146
7332 208248
3419 198441
65005 139759
39335 199942
242926 124785
9270 17614
192588 186407
172759 45742
79714 255702
132067 212925
203578 100810
138661 21646
207303 243860
254276 219357
114380 176866
153098 217590
41682 70009
40338 142865
247400 239309
41431 194577
240804 164458
125433 249798
214803 142202
44089 118954
8840 165806
158609 229414
187265 162346
250435 2939
67344 127989
12744 180292
241598 24015
60489 242283
192199 146044
38432 122580
233627 100539
19189 135533
40342 35632
156945 227430
43720 54429
219437 250850
255980 73137
248269 112009
105639 177420
240273 122379
210778 155069
128799 143371
6767 191064
248004 238843
46928 168824
153712 142377
87429 77438
164642 1559
233360 120269
29025 11902
10066 146907
141834 77942
41328 173161
217005 240004
219568 50431
20330 205100
89050 139378
124302 136848
88160 169360
131091 127180
95521 33876
248407 225194
62135 208478
227961 224750
233395 56511
1955 55802
1414 111975
105882 30724
171956 193198
134947 125214
205113 216202
217883 221676
197599 22474
40562 1026
74000 149219
55238 19715
87461 71657
244683 124824
257761 225742
248478 242282
173410 66893
135652 31342
234457 176378
86766 183881
190801 248700
110415 77552
243501 97984
63471 35069
138728 113467
224640 160540
175238 135976
41501 13861
78371 243372
92874 194416
49864 98965
114256 108373
65713 164710
24680 160803
143399 200228
220230 61929
105308 76524
7303 147959
224904 200264
97273 10502
189738 108147
35464 236291
51507 155399
207351 7943
98384 6045
107093 236678
150112 263835
128945 68049
109169 211168
194453 159863
93779 163244
217196 109082
233667 56571
171690 36812
183733 215785
27678 735
239890 173357
2370 185935
159786 195644
187981 116797
217745 20849
179931 170795
158242 37853
209076 259391
217702 179112
143239 85371
104323 19860
130665 134554
153081 246282
114992 190992
188270 132017
185796 31912
27739 187493
13677 123581
96897 167612
20939 166653
134838 238033
5164 255105
5326 80647
125938 96991
16032 101896
77818 131395
18677 228144
226444 249803
245996 35360
223606 136895
45776 159032
76685 96370
34116 131215
182163 132071
141708 217727
226781 141088
196488 145097
70912 224139
183904 196883
126862 84819
141590 171770
245574 16119
119626 224083
3897 21804
158886 157073
32805 4337
174216 54002
30688 129459
40087 236142
66879 96650
91859 65148
35533 60433
180272 97688
75589 207405
82322 213004
165107 221874
179482 202577
109572 140503
252310 161706
89295 21384
17220 52238
7502 80513
64540 12430
55645 154286
41225 36214
249491 156377
92888 45629
91953 207143
93578 39385
68517 109261
128841 75649
123641 52073
191474 145287
37760 157066
65311 85842
223380 3421
260733 223918
108944 150171
55990 33279
174201 125133
66056 144951
52936 245538
217876 23245
10454 159696
20219 197549
120070 142964
153482 216226
59042 18065
102797 190042
115732 66078
13993 154147
30722 29745
232790 154338
227159 182103
158325 70517
97171 44288
203327 68391
241351 214045
187287 230637
58073 220437
994 103831
235738 196306
65168 262502
128698 53991
200258 216794
234546 2214
226868 148897
190987 71161
193198 113271
75231 210863
39748 1716
90449 222788
189136 19694
63514 103058
71764 143408
19328 234331
72624 126556
218876 117966
165516 179736
103818 7593
204610 27749
165332 163160