1000
11324650 16972967
23176802 7989456
5122010 1395832
5122569 3524240
4188680 7353471
21400703 15713399
13553113 17804504
20492581 15391043
15777185 7973800
21502560 12925112
23403602 3461624
5860517 20999090
8462744 19902479
22408042 22520708
1452408 8833256
13968499 5957084
21074650 4718442
15386532 23165704
6839800 9360485
22637456 14111319
666508 4917691
14506569 10745539
8944627 4712821
1244768 13767201
953879 12066601
10623517 20626506
190134 17714644
15137350 15042020
526156 3417568
11619793 21578698
10151475 20151974
18856236 717791
12583802 9894965
6574772 3276002
312510 19919304
8738794 2087739
9902324 19519970
5112210 10523007
2255278 20736665
9970724 1823474
15795626 22686301
7703463 1537388
4819288 18452320
11654529 20605265
23220247 19038402
4563842 9286715
12923183 10578657
17009707 14194249
8399405 9047174
6885779 314826
12937576 9247266
10543777 20721441
15493216 5459979
14583837 10107370
20104998 23178327
4945514 1703714
16163772 9757726
21238682 17976379
10520882 6498236
11944945 9453084
11263878 19189177
17332366 1683332
6837799 5761129
12996974 13634611
18070780 1645460
8157683 23503056
22618059 13993897
8149170 14519410
20116962 20094007
11066728 3867067
11468606 20474647
17097516 2310446
17504341 23464387
14048397 7120218
9756719 3172035
7890335 14998775
19836270 21807879
21438324 23270328
16132839 17084110
16093593 4054957
13699980 13041405
3701664 1655054
17783098 16171072
10348456 21191207
6054555 19918535
21869754 21925549
7647502 23622011
6652685 9047120
5898562 11223962
20954877 10696762
12773323 11495059
13024777 18573695
6745361 23681345
4470795 19079664
19551096 7785404
16891551 16351839
7913637 4257860
1248756 8616398
8290720 7814780
963869 11746585
22200076 22862130
9321285 23300995
21057038 18296554
4491149 21769731
3250988 23874028
16262035 15197531
5511947 8082881
9659571 18756031
20674704 9770612
3578362 943435
11767505 16069387
17424984 12508841
18979390 21491884
11345866 20720220
12714870 5423128
16718104 15106500
10882851 19710414
15845019 18949257
5100909 14529511
17860848 4213919
17173740 3601285
5927257 19160915
18660798 16788339
5069819 10984293
17293566 11729348
2378419 11340455
12095880 19592941
253 16523815
21813674 6189059
20022105 9687143
3467134 9648362
14719042 21281888
20225624 6447033
10310061 14687228
23391042 16459808
9776350 22936739
21142656 17442705
7398277 13122750
1396469 1135940
15034476 10582764
132447 8171311
23671920 10781133
968 18951083
7195513 6206193
6052633 199973
14049851 13103836
9772509 21479312
10847115 13251748
6147522 10298705
11309562 243347
17525354 3693183
18889094 19660778
10139572 11677029
4832875 16925296
11977317 632111
22871913 15367396
10874509 20651067
18977332 18196769
10434168 13469477
23709927 16968342
4191098 13528551
18811093 7803616
18635787 20510045
12716907 22091786
11802695 12960795
4337472 12473576
9505205 1130047
19892874 20240136
11132186 9963855
9363120 399647
20647941 18094416
14516523 11888064
1462218 4856860
21344995 9614504
4904356 22336550
11055309 5044389
20383555 23551389
15127163 1830200
2642988 20697699
12123827 17697574
5979684 19152735
4421906 3123697
16518833 2656536
14163613 2774586
299666 3486194
1817829 21947647
7764769 17671017
10539628 11133306
3107833 20915185
4409055 23480458
1392558 9609439
993843 20993416
8889214 20508072
14866898 11086925
2817040 18975300
18133510 3662739
11588149 1631497
11222497 20535408
11701674 20345194
307086 17536258
21944356 22642097
9753666 13226009
22171596 18242640
4596665 23249265
12082544 7475279
21916209 17079914
21550215 14521387
5960585 11579549
19819656 16553133
18126798 22544262
9695103 5305308
16369582 3883586
20955352 6726715
15233388 7113236
10669904 4672577
17859847 11713140
10958581 745223
476115 3530381
5862053 21094177
7531652 10341342
20476385 21218737
9279841 4033230
1284711 7768623
15585863 5665475
9005525 14459469
20840784 16014376
2933932 13436905
15067329 10556717
19427704 8691107
17696641 4656363
18106264 13323302
12274809 6157089
11396706 5992703
14835162 22364247
21559195 8037675
21691020 4215123
11729506 1017414
15284462 3409462
21133926 16765312
10291441 11579323
8419491 21335136
4789893 15310867
20418001 13056295
13342426 16507098
20441636 190086
2590901 14466887
22528181 12552532
17306416 10064979
22929919 20386383
1227498 3021253
10542806 21337925
16354414 3000926
16674628 19171342
19560734 12616137
22076448 19801381
13750056 12750520
7896957 1910363
4163827 14656278
13710462 10593776
5920805 7988615
23678451 8964179
8025845 8062840
15439686 14383018
16915790 16335771
18215659 19597642
3031166 12138242
15138619 2201899
10023332 6965557
1489677 14235193
23320784 309824
16545689 7514077
23023634 9611699
11780122 2120887
62015 1425962
17877851 18370223
12428276 3986913
17824613 18218977
2634668 5207222
22944439 2776324
11136111 10549074
14469610 21030068
14142089 21303757
14841212 6553255
20445746 3925203
16860349 8640241
1028563 7956977
3911731 11911475
13505858 6920543
16237192 17606060
23459685 6488243
4988438 9058561
5466675 15875116
21304732 3695418
18523463 11129578
4691595 4851589
15784394 9398728
20286264 18613302
15245303 14903306
23936825 20291942
14157910 2793292
23186491 16927540
18398534 4321604
5735887 13426780
18908029 12603883
11167276 20633568
21949782 13831099
23153215 13094420
8672930 17721684
1472481 4732963
12030648 18181094
13400015 23812828
20404311 14919791
3922077 342628
13843342 17826421
7937441 11208718
11824222 11338487
20830294 7340375
5794577 16135626
2814913 3078008
9700766 9045550
7890147 9555063
4066260 5375501
9843399 19576703
3859813 1430141
12511191 21944001
23055758 15076350
21107656 11535816
10821318 7483621
15185927 1806856
13899646 21022718
9836496 10454786
11262294 1941790
4294145 19418342
13737254 11380914
16326429 17728678
22896173 14523241
16168171 8008967
4791795 17836847
9155648 20917460
8852457 11126827
21888876 21141515
10004454 8224624
6119053 8738605
1785729 15153849
6194186 7783132
10334816 7804928
21466494 19429454
9804421 19284729
1490819 1879657
2976347 16549542
13820819 2884757
8764261 14773806
22622391 6591680
21664306 2454935
9937155 11223621
6479909 7085303
3801349 10887777
4979793 5202735
17600353 3480327
9987722 692177
8789961 22297045
16854173 2362112
14926891 22855361
20785024 16387861
14355674 12344775
8911087 8986542
7103380 6271395
18658203 12325087
3312311 766782
12942321 22648027
15658345 11219894
12983548 16725564
8756010 3437767
15210408 22755127
6086330 15165954
22080656 18683196
17340678 12312083
7371111 17372046
6547718 8641365
68434 17872296
9689310 7492817
3077868 8193742
15659428 8093602
16977841 13321243
8627809 17320041
3938473 4256480
16950570 22306192
10813595 4766239
18738281 5702107
8428673 16769362
16227729 20068141
13178741 16899376
19386098 12380470
6943686 22044041
18914647 15458729
16663423 3798123
18624657 3067518
15008694 204275
18017157 14834113
6977097 23379800
9128872 12797451
1972595 22900565
8895761 18960030
8054995 1217310
3184038 11330756
8348116 15597228
22585816 13620118
3819181 15955332
12608926 13351201
2481801 22740349
10657005 1672692
16635943 19411627
1394907 12892321
16438661 20915270
15803068 23931110
1320126 543781
4415557 21135498
15142419 11162539
6736143 13404699
4383793 15006143
14934291 21876597
4103745 4266532
19915981 13999439
9855765 18641769
16140669 14253497
17276966 15118603
13975415 10905300
2490350 10154818
15012633 23750502
3593348 1266053
16686183 22387968
293212 18335823
21036815 18023040
7364371 9512594
1739524 20736204
19079139 8739467
16528802 6710843
21603480 20699648
3445761 5881484
6834910 22963643
21824224 15751238
946863 10044713
13741404 3083577
21491490 18450398
22008021 9966789
21001021 18957668
6621215 12801129
690481 20833639
13046022 8826422
768117 9699804
14205489 7463824
6437390 17093226
7879122 4473809
137314 4147010
5654633 18362807
16858597 9521870
22525155 14196272
13214471 10831986
21768342 22562611
16992092 1410958
6065652 4115303
17419358 14332564
9711631 12579682
8140577 7025114
12430649 5644606
6107592 4186721
18817619 19333075
11195098 3932592
8470606 2781805
1006105 11299288
19147005 3276064
3973618 9901671
3682532 19462538
7711884 8759954
12495583 9059233
670854 5863433
233854 1660585
2703813 6156648
21472381 6237311
12352443 21220983
5002937 21247248
11249793 3602534
19572856 16914593
13194476 14766149
22746786 14565934
11703740 9792836
13279897 17868026
9845100 12855208
12061298 1491301
18213534 11846625
1578204 3566839
11104564 14191545
5609823 6211457
15671374 10279982
16060273 6197553
20614360 18038220
16009895 7065589
1350863 7410787
17817615 2221644
13585352 4129126
8201456 22441939
1736212 2449215
13351575 5893106
1212187 13757724
4953780 2264081
9801038 9986264
8958338 17854357
9362830 20870401
19636789 7936641
8494853 13161653
10393336 17031485
4326248 582699
6693866 17514498
11673169 2976476
21081280 23865097
18331142 22438192
11999861 14825327
375803 8593575
3845600 3758235
22258390 11394322
7735405 5795922
10066424 22933609
22556147 15503887
6109234 21562958
13422304 62933
5491933 14827663
3480797 9518912
16488351 22465947
23774595 6578009
22745740 21268237
18272762 18359489
20981640 2293319
18496092 23671975
3592857 15819165
6139027 11207322
9354845 21982488
20333643 21950991
13453609 17818194
9333823 14915766
19599040 3466564
20510086 11673479
17896625 6578844
2570778 17606588
6533677 8662718
3499172 12270174
22904034 17531432
23272353 17475886
3550628 15497552
1175303 12462847
3274116 4515227
22514333 6698174
6123641 2899664
788463 7568748
2359372 11787696
23071782 16874751
11811702 175045
21665370 2770382
10563938 2089678
9975769 16545866
7869842 22516424
11769557 10895560
5279601 3745985
14411201 2561672
16989909 22325950
11719593 8421198
12015770 16423438
16154073 10026473
10008893 7523826
2563006 890654
13723832 8294146
5427254 4632008
21825585 14678218
2293245 9395152
13317274 18114456
4958529 6142333
1899886 6304855
8903169 23433509
14656780 11926719
17949846 11092002
13094547 7557225
19826242 1047515
2583238 10274048
3748823 14214773
17117217 6906076
11086717 21536016
18561855 11282629
10437231 14690989
18896881 9471879
14614295 4428001
9772974 19960269
6605197 23177184
12301534 5227641
13296513 10061016
20564036 3053553
15755898 414176
14176319 18030328
7242539 1327015
2084056 22128180
1987629 13042745
14860189 13928744
1309249 13329329
12207984 441962
23046076 19095846
18135735 15889330
10249664 8002497
13423605 1231687
10327516 754413
15344513 18771778
16931007 474773
19870861 16193074
5977738 15120930
11570756 8118004
6526305 21945208
17030825 9579192
9253291 18124760
13716019 2842497
14046338 7824807
22673624 16547393
10728782 4792113
15835129 21246015
7248007 23749285
23056459 10177415
17136447 6460122
16543879 16164681
15445552 1979926
10285822 21418520
20960088 3295571
5308690 8124642
9461852 23056233
4095037 4725210
7667058 18258482
5068707 9486429
11194333 11892632
9269066 11010948
19914898 11001024
902462 7051422
18474611 20118498
5281570 9937469
17052500 6803490
9479923 13472065
9936848 7461309
1251105 1678423
2554423 9399114
11570200 170749
5079217 14911298
9001061 21871600
22879217 4407060
682228 6844912
23770906 2141056
12523321 23502400
21182404 9899277
17721414 14422153
9921648 2320356
4732349 2932787
4413747 10014544
14903095 11646767
15714731 17351080
2274945 22141783
3468833 6733964
7109739 3296152
12789561 8657255
10977552 17985288
22399028 17405205
13572928 3578376
22507006 22845175
2016785 5156059
21726396 941836
4488870 2431216
10539599 2748078
17716164 8583379
22287086 17695206
21677185 20498046
3259610 21259189
9631669 21407713
8811025 19728562
4815674 4975396
11257058 18728946
12088602 2395281
4928651 17729051
1967643 19747245
19123638 19504551
13737483 6406297
2941652 7991205
9428108 10215439
14354716 6464526
1743182 7123975
3087134 3562680
4557950 5793820
14775582 4066051
6214427 2234465
17382487 2324562
23511386 23543315
9049959 560432
4757972 7764450
16916612 19084312
11590623 19855185
7323939 15190374
6693498 10994444
17060403 5910547
21923037 19072038
20492550 18120220
4271571 22288117
9343361 16157484
1341774 9778540
20593156 11793938
16101563 6907157
23385816 8070250
7027209 6637644
22037485 6290461
372577 15699335
5921200 10275791
2340250 2941390
10223356 21730093
15558302 17889055
18051227 17870784
2986325 15220922
22457595 20075347
826758 19818010
8995447 23561929
1580726 22006746
23848066 16329337
17566742 21173800
6356857 17507061
8444802 21474496
16359693 7594588
19326496 21756017
4120599 18241625
2996565 16698418
18364758 12941415
154180 22419937
17469785 5168609
4208553 4698687
8917126 18831380
16123441 13882819
12443520 18435355
7767231 8536083
23514933 14565897
11672398 18948335
4552982 9853129
4921449 14058137
10711113 15048591
23919346 8987483
15020942 13846515
15068038 18632169
13090600 5125176
2615950 18395113
6417484 7240007
23643069 20919441
23693364 12531717
7123761 13216926
21430600 21047017
4033985 13718557
3473237 7432875
4040322 10708638
19061964 20622415
18989182 11719375
18228323 23806391
19114456 20485053
5650530 13053427
23175862 11786634
6068704 17736430
6329400 19484594
232233 23453130
2704284 5073525
12416168 18632954
14410362 6538678
6514874 18528654
10187110 15067957
19378998 793530
22109413 17185887
14444623 22750904
316825 4764782
5989018 12493994
13646601 23360303
22023438 9124521
16750383 22920797
22119866 23505514
23892193 13751312
14815835 21435361
8150269 2662810
10350292 18846853
1018799 10598299
21459680 7155729
21553272 9261911
16066824 3613777
609617 2883462
14707615 7200827
950840 19105679
8245393 14306949
9662055 13161406
1555340 8062972
3852081 17526134
14439008 6977467
7128119 1148740
12529757 13588393
2106371 22507175
1227333 13343468
14720276 23432769
7713187 21915694
14884094 7118104
13042556 4592761
23648113 3189337
9584370 22409339
1997919 22706935
16026652 11553181
23163931 9556317
10018311 10389534
6639794 8504723
18050899 9228136
9164798 20876210
7121654 14847294
17120794 9420042
12329794 4456112
10889394 11163517
17048682 17941435
7032261 22068202
22275867 16364660
1114234 10909015
12306391 779831
3004251 23521211
9342728 7547210
15294855 15356254
23046913 21465372
5554709 11869038
17210533 17724335
6876925 2456435
1866010 7550498
7282211 21771389
1931499 9185594
14354932 17106104
3475758 20362388
20507437 15301869
919325 4065897
21448789 4326613
21034261 4283457
23762119 11278002
2525329 17185836
3622048 6788209
6442633 20450716
15869391 9255751
9467090 15933031
20953571 12359089
3297791 15502328
9683133 6691468
23038413 450803
755140 15313788
15747286 15111421
5147054 15795958
11920661 263531
1564148 19761290
2233432 23122247
11303614 3586843
23411789 17562726
15298072 10677702
7884167 23547790
10135247 863377
14295397 23176492
21153407 21169035
22140529 23531722
4643186 10513672
21992582 15381409
10047482 2164436
16819842 22902672
10730423 19532469
7514002 5082467
8033106 14202443
4164396 17128556
6157312 23888448
15304794 12405963
10987876 12682272
11843156 424074
4452837 4372283
18965014 1269843
10275187 1188042
3694753 3585736
10890544 23776343
18724522 19797332
13148362 13900477
3519844 2226788
1887537 10696063
5161983 3207205
18427532 16840200
2008662 17555028
17017376 3795242
14002234 16282980
9231578 19119798
17432811 18706666
934997 10048849
8538602 469510
262906 20365510
13465903 23489775
14554734 16265753
16064773 6481379
3237218 16080422
8692379 18713070
9527443 22389132
11368218 11755656
1786796 1282349
17697698 23818799
23492444 13291041
11518865 19163293
14749661 20536884
12896537 15710371
18789114 5469990
21331992 14200989
20019929 4919680
3881709 18083230
9683494 2617577
5071510 19474094
389382 2325067
15908796 20740825
19408658 14848623
896901 8235085
6703868 15287970
8013939 22007745
7691692 3769309
15067817 7060600
15653763 20624707
12610887 8635891
2634667 1725385
23797138 20713815
19820061 12548594
5139851 16244990
18709454 784778
20942024 15992143
23017991 4689918
16072602 9327427
18155709 21647277
19666218 13892925
21674899 15734570
4670318 13174479
13604350 4511218
17722452 13493698
20437181 3361288
5241592 775356
23837753 2141833
493015 9023937
1487026 18205650
2662244 23642879
10124328 3177494
1486725 20493087
2567112 8614090
6622520 1787697
15538897 1587655
9391416 11556989
7130646 9196386
9650887 14500171
18814335 18158288
8529855 12897810
16663968 11480862
10935116 2742132
2128636 2450062
8622466 11236014
12634349 14741825
9971404 2696299
16582269 20931749
19755067 9778423
5275928 4145936
10960745 23133642
22092580 3898819
1050713 21532700
16849244 6566016
17365193 22468937
19121565 5025715
14459757 6085442
5734925 9763299
22364899 7172575
83707 10889351
5713546 912870
14347249 19964072
8310517 18375471
3068906 4424045
809516 16178243
9067125 4240665
5234384 17445314
733972 13180191
20020892 5014696
22830154 5202072
12917097 14636578
7478763 17077495
8682140 12149430
18352386 22815330
9255064 11902610
23695493 3373278
22525090 21592159
8911007 8863619
16147005 16209480
11577339 2527383
1193646 20169872
16585314 857540
8476693 14279335
9632009 14913282
3274875 3545250
21530014 18458338
10884960 6750805
21497461 14271826
16004912 4533250
19604970 14353952
8492466 18829842
23476281 13628298
