1000
106395 278112
262044 143585
235860 37001
157551 94760
158976 215451
251678 287747
66240 109482
268129 274790
139963 307561
216011 166285
265999 73324
83906 131328
42441 114828
113218 32812
14843 308674
261563 283002
20404 68712
269382 145000
165041 233551
191659 172073
158423 320375
29498 16823
224381 312668
309201 126831
277051 267749
260126 75368
157566 129644
235407 214804
211106 175510
243808 199738
308357 27079
312249 254270
280789 307187
109075 8929
293171 23548
87385 84077
293730 167265
162647 253536
202849 281558
218538 273013
280627 313096
231058 171114
320915 204277
236639 54262
122299 292951
10770 297981
268809 283760
297727 238271
211083 129987
208974 247243
222251 50240
45203 237931
2488 17205
312183 242359
303118 276870
178566 135454
100794 193762
130353 269914
75062 63608
115790 202307
126483 93201
167232 1057
26929 58101
280860 224644
272987 287620
299194 120447
61824 74764
251269 243484
292333 39423
282311 60670
250816 124448
169809 178512
209253 43183
257728 199075
192623 21049
311106 174701
131158 195792
192628 307684
38803 197681
275593 234659
13942 109244
45835 301639
211307 179826
88448 255239
132832 7544
16052 157792
156517 104598
263279 222906
272128 24617
188677 285328
202071 213723
227847 168753
236735 292391
239545 99426
283131 283960
93230 277058
279835 187168
320436 282269
300176 245926
318065 285496
39775 175697
48405 131835
172271 120844
124621 279761
296559 289809
236283 129672
315428 237382
24527 283790
311504 206040
129027 23509
136538 169265
119930 77819
31467 3727
204203 284818
309454 317264
36966 121150
215711 150256
315132 34692
57961 231684
218183 231970
51717 202639
23366 203794
316661 205859
101282 272410
232502 114481
80504 140606
220731 120556
142229 58039
186544 36243
236531 141019
141781 195549
29759 237460
36888 84721
205219 264400
273962 139917
199139 295018
123979 289631
276655 232564
284439 282550
253629 159507
143327 124261
26605 175404
135365 203435
49950 85863
220723 203559
28112 78310
111596 291933
128446 155009
294830 24497
243877 81829
159246 137320
175220 55927
3439 107047
234196 27901
61937 212115
130535 169929
96415 306929
72236 207676
192275 140137
311377 273815
259212 90098
207659 277636
72371 48161
78161 289054
218029 81950
62314 293432
51512 314645
295830 310919
85728 197441
52404 217046
95716 66060
9007 109905
314248 169675
288354 224442
219867 314288
147295 277037
46124 115181
100996 45398
1250 155973
102198 161745
182593 250154
133035 301025
5873 224152
223582 46580
169550 63455
282003 152270
183177 131057
288060 224568
142976 214245
39493 98087
182061 172886
179104 95063
235669 139426
217307 115384
212492 72290
312436 281672
81628 223158
53630 128165
246430 150691
269366 93348
165452 105488
89580 89523
119804 146145
215623 86626
259855 107832
83750 247362
82508 40668
146986 230768
103784 286051
134276 298520
2344 166400
237033 60215
209902 86367
306231 249343
156773 77059
288747 173775
155962 320328
36327 244128
2412 131995
220260 62383
85229 144519
74649 107607
66040 180196
112645 302596
275817 96722
141809 96371
106673 199039
3966 76766
61125 183658
225082 178693
234290 34362
63703 207719
215610 55474
244 112619
87861 164796
210968 274954
114709 73559
246890 26453
291363 116018
186992 54067
300519 270505
176785 18683
166038 232485
178806 16052
237133 4501
24054 123744
25505 66687
26780 203597
244807 162185
285898 165680
176046 313341
295405 235884
291255 284750
244079 317945
88204 182000
270393 254186
250962 58076
288556 122903
256952 196414
24225 231837
259830 172432
136302 186092
258109 136018
182975 113485
3096 26672
272471 89247
287374 114116
240360 235087
7055 28669
235441 45038
42709 140889
76610 109138
204985 70559
44793 169451
262743 319059
5511 41275
219619 143416
12423 162571
161024 99621
16763 9371
70162 144627
56147 175570
252745 236509
241501 297946
310797 188524
46076 143104
80986 283396
314229 27477
265363 277362
72036 14457
301962 221531
90270 56877
257105 193745
189332 96448
263808 185556
246229 294018
222868 173190
148026 17328
267119 258966
284950 208160
109253 82646
254526 73809
60130 65474
81102 30420
148060 158421
133382 314373
251754 77083
131226 113836
222828 230802
180485 235817
100105 33127
43401 34499
239749 162845
257284 91112
105604 125120
189137 218798
40485 259933
65755 188047
76191 223089
118568 117363
148220 318107
276408 201360
11620 287730
145268 132723
41470 102615
269450 167097
119834 40054
136102 159215
160253 71206
122985 66907
209954 115870
165277 253704
246091 300932
169520 37484
181137 218638
952 48785
170083 113975
207658 95373
164970 72210
168355 289072
143856 10122
216249 98471
201621 140125
199242 254091
292289 64988
89386 223459
101411 136268
226110 257225
301730 204171
119783 262
238525 147023
226070 230478
255743 10839
145363 150532
195745 318010
261208 191111
301822 71779
21209 225515
170643 108122
251824 252545
84344 119403
66254 21715
236405 144715
181262 54527
146793 197325
298395 27748
217123 269275
191547 85450
217620 154886
88998 169866
212471 241219
191320 34165
33410 141010
163470 152417
230415 46506
300375 52768
107604 56345
154372 316964
87686 183186
262123 169643
58096 10134
223188 54690
140795 100468
306135 53770
135417 133993
155963 212362
297430 113384
238551 246635
319428 3899
60324 57423
273585 256533
68916 50107
242983 293426
217026 300135
83616 180873
89089 173734
199479 78294
265338 222137
71262 19828
70413 247804
123065 298500
102644 213344
130491 67857
308091 121941
120718 109856
231835 250159
310400 68343
65011 98163
19420 312025
288673 296589
64002 52083
139684 114635
69017 169679
73528 256556
231369 141809
174202 217669
129582 100357
199854 320668
163907 174849
181050 159668
44934 173906
209209 281228
162436 121638
163768 204449
88370 56464
30202 103228
123778 259690
10759 43643
19608 105338
9137 78289
235378 85573
245209 81194
235082 274578
165166 231501
17477 78146
238866 295788
231024 6589
205799 198981
97733 257613
297143 155568
80094 233075
10992 216057
168953 129400
237724 286746
67783 158173
104257 193488
31623 43351
111688 185997
118477 135741
162222 53291
90275 304897
26481 17563
254209 209531
71940 137809
280559 105853
27233 108959
84969 303208
282700 134336
178985 180657
210608 218338
54735 221301
221284 119958
168567 7881
168525 216783
80284 98781
238401 249915
310965 76436
111417 3753
38817 119240
3673 105745
506 242264
151339 90630
294491 43792
66785 47908
159469 59174
48851 285805
125615 300002
43217 147180
226623 285422
76833 292002
313639 267538
251768 4027
124081 566
185974 8554
186734 281949
228750 147354
238009 200978
235247 276842
120693 29599
212786 137399
184499 237476
29361 250429
198758 45651
271656 62134
138956 145735
77206 133986
307936 194210
3164 244638
270659 171073
283932 40785
314975 204500
244565 235697
260103 191149
118265 83827
308186 184343
204353 53555
132913 105109
5811 88146
306258 74655
73913 140379
225792 96552
141625 162984
48040 176404
179573 214985
260328 146816
46394 145009
144589 225442
299350 225977
309840 88501
291587 235318
205065 72932
124990 231566
269978 159207
187117 242423
290152 309716
51164 97159
14054 30887
117485 121811
186169 175309
131295 182626
53701 291301
6277 77229
61947 254733
274763 32909
50849 200074
255654 319346
258773 88119
99061 41978
300900 256341
270703 37592
29500 226971
240657 221657
56216 99109
148236 139591
61779 139962
64445 255619
257113 9955
17896 232346
84593 167403
203436 293858
315350 80328
75998 174151
277661 25510
134380 293532
33496 316874
237475 134174
167682 54048
186010 10438
53161 282895
119063 281620
1558 71982
298317 98552
218573 69760
214821 214728
160830 20203
124457 178092
213036 171282
230070 99850
193201 201249
155712 19406
266450 312254
24008 176985
82505 78157
154843 256982
120451 183693
143207 218435
85157 157569
199033 301538
289473 112124
306718 117598
250109 185196
102429 6203
62561 225254
216526 181595
279404 134550
295074 281918
194818 105598
254013 285746
287894 14650
248767 315716
44196 290185
166975 4258
105584 234305
93634 176394
238448 109904
161317 133485
101130 149870
182301 73135
167626 314213
217481 101988
228007 93401
15858 118737
187698 183131
71173 120073
110671 99985
243618 189378
295414 297766
303211 28345
127192 23784
84789 233735
1147 74203
220270 198132
26790 191785
308017 300270
85378 117857
204576 243630
231826 220477
313014 13035
269234 8427
83391 279839
91808 102146
194999 153064
1997 37691
127371 307660
276976 37268
1431 300476
279210 190218
101637 2305
267724 276153
111533 68309
112482 93129
246149 103908
225555 289405
78235 310219
239534 305990
278372 123404
247208 229963
272473 41171
292195 50672
230313 131375
162925 200080
314174 214471
285097 54113
255164 59753
29667 180999
230172 154812
59147 96132
39958 240595
233454 114170
178993 156946
182305 5355
77968 205399
149800 185726
236658 134136
74835 80859
271713 298291
170140 85965
83492 106033
86311 38464
298354 101225
191392 80610
167640 110402
92864 107605
176081 232824
98978 318668
30016 72986
66608 182317
142955 226845
68006 203001
220958 70539
40763 198587
56392 16238
144920 299467
196548 141125
178453 316587
319230 157682
204837 115507
63102 284739
87777 279143
271129 79222
282592 95774
276620 263470
91110 94064
222370 191470
273130 297352
62849 290214
90781 257724
154846 45468
208752 152828
315823 1512
43697 156849
140723 210676
177592 307050
241305 242298
151688 319987
138212 179227
33626 250459
217795 249473
67086 215596
255656 198375
141999 154032
245133 282290
198398 241402
273473 255467
114524 84317
70685 292321
52849 190025
262463 149619
25166 46325
1065 180002
151983 307609
4737 86412
22189 4363
149607 312116
88068 107764
18410 190154
233324 39634
177017 16845
76649 283106
298305 3945
23331 88485
27420 81018
217650 3523
10478 147297
255663 243824
255768 303260
273549 315537
312558 196927
315754 74988
119314 234770
229493 9028
302457 209937
314282 224626
23381 289885
277830 123819
161704 130981
96841 99458
223847 70442
96932 202146
50133 289761
236985 284760
79528 95206
114580 60860
110938 75455
72358 144490
245129 208015
283249 58979
187656 99057
8347 240656
4287 271362
106178 20469
149303 124810
286339 31029
177803 7768
84859 302877
80667 241650
267378 130299
117338 296262
266255 10795
93823 69687
98368 162368
313293 106142
244375 65543
309885 16498
241989 142239
71852 143437
192781 40130
83640 68460
188567 319671
142060 213412
14509 36733
203940 282575
212137 315459
15630 113332
251924 43085
306896 262801
317108 58433
82228 175793
187589 174778
215851 174291
117822 227545
273203 133304
320106 206278
244197 24701
158299 217245
160778 204608
180241 132493
107608 31714
36012 86848
63046 218491
181334 176407
24885 200234
287621 189675
8058 30171
318315 148745
170536 96165
309308 48053
238164 184981
300168 62858
272072 140608
232146 315854
1738 287065
267778 26963
243315 70324
303460 278469
135174 227631
90423 150917
8878 46994
236726 144519
275813 122863
112124 109097
10354 279482
56008 206883
274456 271950
310352 311614
194657 316765
62511 8796
170403 233982
259503 222137
205076 34130
62997 285434
83015 242507
80688 113365
243399 308175
252032 282136
253561 280109
60389 53210
195146 14961
22563 125362
44541 115373
251134 278417
20832 171337
39810 119806
55626 148253
245143 150294
19519 184063
156494 234891
236930 284532
182269 194751
36669 307883
121756 126887
151621 4540
28102 199037
70811 4659
131361 129388
224128 59915
26310 7576
168682 19598
51115 266044
115289 137970
274700 124253
229800 33959
139847 129041
198157 311282
43522 169101
310796 272933
58602 70834
162406 142894
90547 211011
44966 65881
71585 486
270875 97296
267096 155220
227273 293964
313926 196338
114904 257659
84381 270792
152695 138898
34124 171486
156046 18248
157733 75271
263584 254110
237108 101293
299803 27528
24697 52530
156087 95239
245968 180540
3161 201307
269879 148126
57882 293259
256622 86393
68719 179210
90295 134024
12237 149350
186369 318390
62943 28212
182944 225210
63165 37538
64614 66337
138390 307936
229559 1175
82976 159079
116617 270674
130202 93085
199471 235862
301907 18430
222837 212063
80464 275850
237592 153923
308391 125097
305086 87216
251125 186532
234846 175915
251369 126515
77070 199452
8860 230082
124676 162665
273169 220580
129505 171392
313609 189564
219656 101734
169093 281821
25911 223273
592 273595
254882 94199
117336 89224
77659 143994
154402 233907
233764 295604
74317 285394
192946 309675
296637 284989
305136 17082
162506 151923
73073 145073
179158 16273
213556 280710
82318 93549
296012 312981
72178 227124
66230 110657
283517 55993
73089 120010
262228 96779
279306 259110
223665 351
39889 188346
105814 213591
197481 287768
159172 281182
176305 214603
240188 47102
307012 102125
165956 109064
298026 205137
50798 246393
179102 1673
209069 33604
219585 177101
102546 158537
205699 320531
66804 250756
33805 251762
81791 157060
162629 19472
218312 105361
74912 159660
243470 197065
74727 320406
186724 243315
9752 66920
44535 210392
205399 217989
112185 252208
40657 9609
257310 84564
181230 91854
288395 158851
206813 46035
255278 254637
83818 270614
66269 44323
144981 223488
157556 20796
237872 100410
17947 180681
52131 256025
155081 47741
190055 74124
152928 55909
276903 200243
186201 92152
87943 184449
166710 142141
190953 260585
124366 298283
238397 5158
193683 286089
105932 287732
260217 299321
157037 212828
92595 107457
184209 235658
58641 72092
30415 185247
172981 4794
268771 64314
253665 168879
268985 170835
153294 9300
