1000
1406276 1240774
1027668 1784688
1637220 178753
678399 1261517
1604489 1357486
1264364 804712
1262659 1193037
1775455 241070
159115 1584037
1256962 470714
1664162 1499965
201360 1458848
1182058 658946
635839 195750
449890 1558958
876147 1597059
1297722 98288
1165280 860761
697763 119669
1121 1386317
996585 1435578
250637 874856
1784790 1495374
1149965 1358777
1225799 92780
1790349 1102147
890190 1099947
1002992 1809695
476055 1374209
31568 8160
1307800 671065
1671942 433053
60496 376543
754218 1320277
1763874 532796
307427 1725455
1791302 1625447
1564078 81060
991968 668351
231186 706003
889274 354746
451455 1161370
1664178 797576
761334 436896
1163637 1370455
386573 1023437
617294 899018
1236508 1781684
1070273 429510
531458 1812618
169192 662186
1596587 648349
1708094 1737424
1000158 33575
492219 526167
686726 883595
180814 965150
1229894 990436
17870 1859816
1586296 1566378
195424 1526241
894155 622229
436364 1239067
192633 22942
1447339 1056070
1858558 1628740
1369892 1506800
596511 833579
1271438 321474
572837 582504
311738 1474654
1089117 1562907
370849 1796145
559670 1537351
718506 1491165
1371960 767126
1101397 1174699
254845 1143765
1723770 1718790
123463 38667
1032060 1357220
660983 1025422
1112960 122181
1783581 1870782
1795444 1625832
693411 520610
1310707 90757
1735785 1526084
1064274 689092
896930 291953
1211329 1828709
1358301 1726724
1022967 1684522
1142399 1271327
1155097 116052
469858 986562
758374 699641
103391 1158518
1102221 764514
630916 1696653
1386789 702837
1752647 1816143
1745936 1211188
958879 950000
116176 237238
1754719 1412378
1144628 1427843
1365200 1365690
1781738 197014
716836 1420320
140478 1628582
892165 358823
1348410 1693164
212273 1810530
1372405 1626462
267296 1089417
1273975 1492315
577356 47080
1656895 806102
610487 1257254
677214 1789855
725107 1836340
444096 173444
732806 184884
106741 1710330
1373675 1681448
1405799 421355
26940 1133394
192713 1765235
1343058 1458378
1431004 997044
407602 442327
866563 321554
701382 860182
770744 241837
654757 790157
710972 989312
3750 1647405
1054135 1426059
1294650 407861
1178137 234604
1184316 583513
917929 23404
1060124 1683104
244567 1490183
1517930 25091
413034 1711102
837418 455364
471709 693481
1692927 408737
1826137 140790
655684 888243
485558 65457
1453095 105030
1314267 1274908
500346 504129
1167845 1051366
675026 1290272
1581000 328671
390093 1509830
1601591 1276139
1230385 66816
1516866 1472293
191178 369739
1151467 542133
1546620 265222
1148997 1055708
1263008 1752766
1762445 571745
1500128 1422701
166888 1161078
1443608 171329
1153736 907339
462754 1006329
1193020 1455872
16556 1659475
1012444 1840999
1415550 1364446
1748909 701473
1749834 821545
1641114 350619
1224956 101003
31750 1441878
1519921 18340
428719 855338
125999 1252834
1009323 452427
856867 1064450
119745 1276942
1106678 1064161
1563704 101748
648577 1437632
825858 1847138
1126043 929384
287678 513607
1113559 1098217
671619 106613
1392018 1695161
532835 705987
1352993 1231245
1515415 119551
306443 298306
191822 432022
1718254 1875976
1049005 191952
327233 162797
1060619 1566218
999819 924939
1861334 1789118
1720197 196633
928935 675699
1591031 1685719
1291103 170659
1624621 607781
73131 1383768
1884828 1715644
146189 1216809
1691426 326847
12283 762061
1652468 1778351
1325961 1605465
974067 732433
548571 496130
989076 524570
1861075 273103
986788 749648
689124 1599181
1166103 1464452
1714897 1853175
1889150 1243601
488926 1595746
5129 863654
690902 1040593
1231176 1154580
263939 1028539
274768 382938
79078 1869694
495921 767464
1539804 1069370
1114282 1809240
680245 1347991
1097997 627448
796308 328159
911281 1344297
1252 1369916
1456475 515583
1748739 689627
1837498 1548053
1428078 1500862
929813 140147
1108022 313667
683142 841305
1619000 1307423
698843 1276710
1727079 1570107
480578 997708
1171405 1445375
53219 287980
237704 785050
227295 1564245
434854 98168
704357 151926
1250404 1268429
691598 1369408
1298550 1810933
1359909 326600
710944 1546697
459839 458424
116853 187698
1846244 1579926
1216945 919833
1244107 102864
671363 137914
1308280 1149687
403715 797251
1234501 667737
196604 1511403
501934 1834356
428036 1793580
916364 834306
1754379 429984
1620924 1720983
781324 332824
1514303 193324
1538546 764717
385155 53704
67730 460175
146167 1534414
29620 642064
446201 787900
39739 1453728
505368 187588
181695 952355
1166693 1619749
151299 1102776
125649 1452330
1541843 77110
176562 1418973
1765749 1026746
61341 493629
337676 1460321
217913 723068
344423 1409401
1595501 234226
1674818 1876398
1307908 883881
827687 1823728
529434 728056
1147817 1285569
1189587 1159713
1084877 58558
741596 1142357
1174016 345114
389081 423492
285184 311692
469377 1888707
1142124 262072
672107 1154310
1433509 841070
99874 1415629
812792 195290
1224260 1713279
760115 791529
1766604 1077085
634880 1082613
344080 11206
600433 848815
1095983 829952
1448417 1138957
308999 610502
358050 1516550
1545251 1103252
1469116 1295947
1037662 123222
48388 230959
1347244 1225099
1532743 730559
1196108 139023
1050501 1234951
180861 1700270
1358035 1491745
1325683 1787282
1454336 108743
944975 1625300
938992 1698230
809924 578925
197802 927511
648326 1606986
782003 1437765
1581026 1327813
439368 1471116
256437 1102587
5320 1001976
81050 109510
889865 1810593
59709 1013516
1068317 1696644
413071 117865
1102774 1022597
1035634 793008
523851 673363
962590 1497450
1773321 1760786
413243 1064196
525282 1698351
332765 124957
1755565 671669
533289 1758476
246111 1698390
60338 1570395
1382963 1026076
861080 1532736
1517203 1385031
1361597 919567
1701851 1749629
1858018 48492
177896 351243
560201 1549008
227762 113569
1227381 1094543
1464229 1014784
895931 884835
119786 1391310
541649 303514
919152 457222
1488325 1471464
1391930 512646
455443 1136070
792339 428078
579328 276281
317504 738898
415820 865785
425093 1438471
861896 99783
594856 1170520
1330809 206236
709072 1626140
449471 464826
1818579 353374
1775706 147830
586739 1331297
468004 1461737
1218738 1017918
576764 1651565
391109 1516260
385483 360927
1224836 791749
643485 300616
1747782 447387
349461 1686813
485869 872170
205687 1644408
675587 1755143
1010301 1362398
1341538 1165622
647044 1865693
1515723 343374
1222106 357078
1540604 1466508
53467 1273172
1452746 1489054
173278 559095
1804270 710695
787541 21755
14722 787803
1259377 1154213
1824968 719955
480646 1012882
353160 231948
700443 887755
1255584 88
309750 1302693
1865842 280586
1744756 499439
1564678 219415
905545 1239196
1827907 853666
1470501 1790656
745492 356382
105392 1453422
1707800 1092342
963840 166219
430093 776503
400472 1741603
1674189 280850
1231733 1660690
1017647 748729
257731 1613408
997573 416487
1736689 1330095
1599295 1648001
1672992 806946
197731 605794
800965 743067
1207234 1337532
1270508 1009532
478810 1548531
1180003 281581
1816917 1520360
1372498 1707479
74949 902587
871803 748992
1149082 1406046
404369 927883
367913 1274423
1568569 1344514
797663 996480
590357 7787
1032853 1603996
1847888 176631
1452465 925856
724141 29682
1639186 1267365
886259 185196
1810587 995234
1053721 1770095
354812 423118
829995 521995
422672 790737
130355 1078184
668408 618279
418295 1837992
1571912 1607015
871313 1489977
112441 1021194
665463 1045176
1213413 131675
913906 1882952
949125 706682
655303 148835
503840 220513
1651084 1780451
1803084 1710143
387240 1138894
1305760 1569613
1676547 745856
579787 1349650
1853243 1814500
442040 586186
955610 1388491
160557 351975
397568 40023
436467 303341
987808 978196
1748265 329770
184631 1094267
1407126 786529
206241 740960
1596682 80154
1093450 877648
1539280 1237046
1568066 647571
418272 821903
689273 1165554
1591403 1701807
1680748 1334437
23968 354077
400594 1541186
81429 483428
984836 1602137
1634258 1094092
819155 1020436
455820 18667
714602 265579
1279871 1516115
360704 749643
1175995 934016
299183 1039339
1886236 741474
1885140 1105824
824312 1413901
1077513 1430035
437778 1226271
1642273 283868
1100034 1001810
1470811 1033391
1431117 832607
526655 1332157
992085 1121894
937700 917287
125658 864087
1574665 1331747
999572 690336
229841 798754
1120872 1121565
888075 1348064
1319743 1729616
1704941 1591074
1141769 675185
805119 421844
464218 1130903
1340223 1645730
267856 1258112
537433 705512
1739802 240494
250164 1430375
1749026 680018
1027468 1379401
693961 1688165
811481 994575
1670255 507726
1525685 1716015
1648089 21571
438205 496676
286110 366342
106587 1375585
1275094 210558
1192709 1790211
1348396 878614
1629447 1573013
43677 426313
882560 186567
1117660 223423
1718372 914137
605959 1427183
1398594 603588
881804 697897
710125 1532055
1596534 1618702
1241773 706129
144480 680036
1549230 720012
727319 449232
887251 1826768
451194 789679
1147081 39760
1819234 1338529
489842 1224653
212444 1256078
18263 669912
1833020 692995
1695417 1817270
1415406 1366731
1807948 1281615
284857 62375
364513 1389413
1082354 141099
1857718 292512
955587 575657
1615615 1580161
1411589 1458361
979347 1665062
1833132 1392868
664686 1521365
545920 432021
717227 1786223
54938 1247074
926407 1358902
551360 198688
1155583 1261058
724087 1887521
634420 1590604
1729106 1849451
1308581 560476
499999 144743
23856 300464
254243 1590636
1837204 1054839
1740484 242636
1553487 689335
876271 1117023
28751 1076139
1478388 608822
674420 1842688
1502392 1800931
994953 448633
316183 1361727
1231585 406401
546072 325522
964106 1597419
1020791 1316193
1387184 12008
1636746 204430
889910 429868
90350 1187772
196722 1651748
1797873 1296261
26797 817588
827934 1718069
1671407 1266487
1343755 1663180
143316 300394
483673 1045365
65940 1272283
1241261 808679
987515 1432391
1497907 517653
505277 469039
1791713 552697
1738608 1738036
685982 1191681
1299666 1424578
1052957 195301
932268 323312
393141 627098
188570 1096059
1424098 1374014
1756021 193149
1385194 1548082
1440123 462766
130116 730301
153975 1399026
400673 1684126
7404 363765
131825 651256
550045 595056
543973 182652
9422 493357
581107 558146
1353562 34514
1214840 1234428
1882753 1504166
1367682 700618
327079 60998
675678 10661
1315242 1361088
730765 1752833
165347 1398363
339885 814085
1339777 875352
495365 248830
791151 201504
1745038 173640
909100 1187283
806459 693427
883919 31462
1381022 493886
70082 914163
687098 1671542
1249546 1781976
1215449 1509616
490221 1341658
1141290 1482683
1843637 1619713
1544018 1115991
210124 638125
576843 1705832
558114 1291887
55322 1875138
1465904 576302
201623 856326
1025543 461477
1436593 1398804
1682745 1698000
226619 444228
1561127 56596
1689803 935162
667436 1387883
157578 1493479
1322378 352559
461920 1010925
229880 409474
402112 1532007
578588 505451
1504153 1620016
1773990 1087722
188082 1810916
1031940 828929
1151165 549715
1185141 1279800
133273 1460296
440185 137599
1007907 526006
310086 733523
1262077 1039762
791401 234939
1095793 1364954
551510 561753
893741 584944
1511320 1577020
4323 964720
861653 661657
1183925 668641
1533285 890927
1024371 1682153
568630 1206155
388714 306858
1748421 972174
1310715 1717144
524505 1077680
1107878 489916
1372231 1850764
1439968 1832238
1132723 1023219
102448 1386393
422690 1464367
1710505 1129294
1041704 510708
822798 564279
1596914 1665352
16993 774460
405199 859081
124310 1155304
850989 604030
401292 1649364
1446997 1401070
1883379 380935
605368 882464
630208 825892
393816 1221446
1302431 828022
323561 950984
1130371 1255439
359332 955298
1742549 58462
1065362 217315
1005372 644382
1220125 510954
416390 1024053
1711960 977766
1034798 530324
821252 1213832
87417 1718934
86163 1795102
133315 1391669
1809512 1837370
583081 621519
1220340 7931
1606007 411661
939697 1731090
1534786 105050
534113 718403
857695 49395
796301 1732563
394015 1006667
1130951 752447
548704 573476
353715 1192001
288411 366590
1092930 924158
1045894 1002365
1386871 1459869
834091 111976
40741 319776
1618475 478605
657303 1267310
1034407 892159
1399753 1589216
117958 843889
759544 19279
1006707 1672308
480373 284977
1483191 992224
1301593 218131
1332311 838913
1406202 957309
598650 959499
605893 1823922
1329782 107415
266493 1870792
141218 1490427
1317298 1253593
439947 1126792
975205 1843534
1456277 1260564
1165329 1330332
241625 1296514
1172138 945217
670982 1439678
549933 298240
348851 982975
1264349 1169576
456425 784974
25518 1173139
1128477 1299666
1195445 1504740
364244 1625434
735133 1849937
1815313 368439
1438373 1150537
825583 1557595
1355242 968023
501359 1705844
1012538 792047
659690 1189436
1630116 223638
345640 1660579
657711 1230422
1484501 1809674
1453274 979105
1377887 28560
355503 1774295
905641 957320
493901 894604
197682 49061
732671 967960
1015527 359828
579663 685572
1755964 608717
921166 626182
309225 382540
233440 75425
272650 225151
249404 1378214
238689 1209411
839680 149147
1881494 1407266
335224 768910
1879460 106700
123034 1564338
1847548 203215
532717 494061
676336 796159
764808 363679
1746830 1874750
757693 566971
680402 577315
1523213 1334293
623068 132140
893007 1582521
1751506 11383
1552383 1267117
1284171 287633
194573 682598
967000 1154463
129353 335751
474669 1258555
265144 1010665
1508538 86866
343516 1650517
35249 1240746
1784135 212607
520387 149666
96002 978305
486317 1211061
1844058 1520396
296074 358291
310608 44316
470778 1497166
381368 1667628
1880290 1565635
1570394 892669
460928 10289
1494423 668665
963481 666994
1595901 1713516
1675772 1462336
247999 1664450
1375089 545483
1546169 390496
708383 653012
1526588 367531
1676752 1237840
1401563 1623261
1723424 264090
445496 477973
1305926 462283
974320 681553
264979 1587543
820658 886653
658200 218379
1587894 16827
543238 1253606
390117 1616697
1269348 500338
157312 1740733
656206 693468
1463388 978996
1006653 115408
1731697 1245042
435127 1588035
819289 259741
1835806 581460
122827 774592
1323208 526960
267088 623126
495341 972804
403878 116369
1273879 355352
607343 428304
791709 1441831
1133049 1129379
1578925 558327
334270 803882
318270 362134
1266054 1273741
1682880 382455
895102 1788726
1012486 1177859
215108 1729774
582990 1248556
346831 686544
1404247 977261
188939 919395
139702 1172373
771459 1609697
922459 729338
257711 1552824
948655 244302
1445184 1498163
34961 1531200
1388283 1385279
763883 1525479
1665850 79940
1518923 371907
238204 1592577
1588789 66157
614840 897087
528313 692816
1408620 566549
1038468 338051
18167 143043
386238 33743
1813176 797554
1873614 1537517
1714712 1765419
975895 892018
390614 1133821
1629489 1074300
457975 1094023
1139995 959588
1110621 1647727
1872952 387139
1642773 549029
340850 712761
390681 1719035
1866619 902048
1257368 1469683
848149 1059017
349701 1888227
1762344 113069
883444 120259
915718 1126605
541033 1447160
1305164 1213393
1276058 485987
662756 1027908
1729980 1180094
263487 507118
1216668 746993
1586559 570296
766767 713140
482528 602544
1730051 524826
1222342 366065
772974 1680300
533107 113548
1591484 1816317
1320321 103705
839225 1025475
