1000
261159 126110
128977 268458
119304 109669
311416 176716
86939 342916
359207 368968
153407 217061
79044 392635
377977 290085
164587 140346
422652 114135
345612 70850
61169 237090
314039 114264
32572 416433
8893 19564
139542 304300
266986 136657
242829 242471
74700 415229
387 321779
205913 131942
20877 372218
175802 217951
410397 140404
264654 271750
130124 125473
234181 155040
299638 132225
48002 201998
239198 264136
59737 315663
164688 25129
239340 24165
134039 157394
189367 158890
284762 200294
383477 122071
431391 101962
427639 292789
279089 70888
409215 352992
352729 150472
157708 276210
181493 412461
243302 425411
176158 72336
339836 413508
259240 393555
52993 143913
70650 177533
136387 153388
58957 15001
308465 83321
394667 134259
69866 245698
297168 394876
337720 3061
349477 66753
409316 268611
33552 411007
168955 153694
174136 184536
425486 343545
296959 139325
388062 146090
212251 432347
31796 265536
365997 433823
240295 33267
58969 152692
261268 201244
171108 345774
172110 291740
329622 75305
69455 109279
84668 380462
379914 241950
36631 149120
238213 289186
291600 123892
196065 12407
81626 284937
265820 201147
76096 396739
148989 202303
128379 211436
380896 243450
349167 329950
5251 396152
303598 49927
55640 288418
98037 350530
178620 331448
64101 227274
127513 348077
360039 140072
161803 28370
203705 225008
354382 127153
221289 212503
92608 426295
132628 21879
146918 336428
116962 216390
105004 211435
399838 364470
279732 122652
324369 397857
375234 273763
413484 433155
400479 12490
382407 265920
231994 159505
10211 276199
432269 350029
333531 378578
118508 239218
210343 349004
74968 158305
168576 33757
148101 204251
403078 196921
180364 77611
87021 178833
21814 377136
114977 159062
267666 235351
260626 67363
204059 374212
99985 97919
355877 341291
124271 78448
106957 423105
376890 225028
63978 114466
138240 137279
333076 68842
215929 301747
431050 328238
51390 106278
103308 232635
75453 101196
238727 271278
11544 364783
391208 373566
403824 139075
169525 261310
236569 345984
143930 230935
252794 269172
69560 23642
280080 135997
264628 165001
46 3283
420766 118512
98218 171148
432851 329584
137424 273721
218440 275081
118271 424590
400029 33760
305254 300978
24896 157948
161557 129710
433089 116104
40208 54293
172032 301568
339215 382042
73542 282491
364382 18075
151093 85284
391121 419725
406995 37445
16791 232774
17181 114979
105602 153851
396206 111628
145378 78142
358393 193762
330593 383344
127421 175719
211608 37669
52973 208066
315047 356223
217897 47967
170903 426474
381452 431104
307857 69207
97772 34094
126238 184724
228190 148882
359416 347919
241004 223318
225470 408828
290229 330338
213513 313605
3612 154866
4390 12791
337602 177056
190028 257214
75196 320129
367202 376830
360880 326701
177807 200911
147209 430112
71366 219270
163262 277730
37127 412682
299710 171890
47426 383229
270309 367224
39963 410086
432474 235638
198953 324805
255783 324294
197557 347766
71641 115902
265729 350084
192290 380668
109534 382327
141482 216228
197893 295841
121427 28116
197765 265483
348398 398864
353824 124420
421177 273343
228683 357064
326757 248399
34775 212057
248383 220376
65330 100981
128375 166326
184276 160337
206331 138525
322298 229690
90510 147339
204097 391359
161389 297052
433580 221423
115731 106446
49965 240571
329458 218317
142562 308781
287337 419819
348567 160391
377593 430841
270687 327385
373279 404254
83265 7288
416314 73138
421620 119870
276210 54219
294392 52093
217394 414441
61954 260184
264100 69847
280734 172323
267226 406101
40377 53618
35546 139940
207674 75306
240613 366313
199100 41496
234899 4694
313221 407627
258569 7952
160849 272534
422309 233354
70619 100379
174237 109697
38343 63790
5909 196992
138477 47066
196009 238271
171909 427567
215733 260262
348468 226639
318520 67008
50314 78691
272570 284734
204199 228659
180415 77179
268224 7230
176657 74643
62177 65422
154849 47216
174330 297477
350751 26147
324148 329691
4849 283445
95693 268277
47046 336111
94528 53606
194166 305081
130720 156979
304472 142927
312642 234470
348886 65906
371988 168347
87734 290637
52458 202711
28478 421395
105901 236470
379932 169631
317591 155970
291173 13276
66053 15869
370670 53019
238139 416301
44351 184124
424092 15634
5053 104872
175290 232366
78913 284825
192500 361971
272012 127749
63058 223526
301046 335565
356404 315445
255904 98215
255367 300877
291470 56016
50887 142895
107115 363409
389367 433559
238118 182088
310160 32389
358411 299297
205449 2251
235630 236429
77171 269707
352034 394781
232422 88730
52004 48049
300236 102351
249909 208822
349619 406241
17060 161951
433657 310337
99427 92865
101263 193058
421377 67775
79188 88501
58283 207295
311756 294036
266614 19961
253837 174424
68027 35338
137741 413069
401295 353200
71582 67666
361806 338662
27388 172431
208494 22611
425346 332498
339295 386361
129621 144423
301206 46534
132083 170261
284297 164577
326889 372198
303902 241508
365832 75411
232125 323513
293491 149488
26123 376302
206560 48265
288462 80799
336976 193676
21510 151778
131830 364277
223079 145919
190160 327855
157397 315928
385675 62753
112928 289336
428169 155073
45908 377895
364252 90240
338270 297699
129066 85076
290578 333822
365101 187593
111918 250743
196795 424425
155425 259868
4710 37229
244766 109293
433596 350868
137914 29158
298817 215224
205968 145817
62240 298176
357492 93012
107466 140657
9718 24414
36774 208326
376835 338071
217696 71483
272834 416447
133799 304624
27977 295604
134003 329076
246922 258970
229728 232900
356048 368651
222584 334830
378277 153441
304403 20672
3423 96634
267033 246409
300029 276282
56256 10719
1614 196078
267669 260568
328809 96791
60915 257363
195888 282388
352930 234750
171351 111417
184329 115407
195542 406316
35833 282525
196134 341710
28241 133268
169811 414086
105345 320206
433899 236031
213885 295417
75008 21947
381414 400135
124108 295415
151311 410280
146883 9642
240078 90684
31301 48522
380684 309197
215239 264366
42232 103146
38953 86129
357530 184743
267362 312628
383236 379471
96085 50821
138727 263110
388648 253780
17552 418803
172117 294117
232755 32651
411786 389872
93122 316644
292020 396776
303713 70787
169252 423206
228720 109365
89731 70901
334343 423356
171767 217384
261156 348253
261142 428766
55247 159612
18231 361480
386046 182531
227466 321611
66492 330332
322686 2009
136362 196787
27778 411768
185690 224024
13850 162884
401662 378528
271508 363740
143147 74060
364922 132476
346963 287707
406852 342058
423276 242236
210417 261964
329509 113883
324183 113057
159465 415348
9110 114856
4262 40946
321173 357356
357118 316637
4358 145694
389279 311224
271207 322480
252546 24437
331691 421634
406869 83882
14476 8584
386167 6821
286017 284020
9821 51462
264143 370183
175247 367986
318405 72447
311194 211394
130610 57375
165022 183468
144862 224529
269365 86514
138607 39481
18247 283000
374519 193070
306762 393588
268139 56932
153309 396475
386199 313059
435158 297102
396287 236545
247935 402092
413168 127610
17216 51733
31671 310902
301930 58517
48981 6059
244997 401813
371783 420372
88646 37948
370193 353044
393675 166362
401835 276334
402277 40129
406510 104624
432232 35896
58992 41038
330086 425213
204850 416521
182454 390627
147183 184819
408764 100711
397853 283824
355961 239073
178476 154915
215132 323452
321314 118106
58891 82146
312754 173783
145181 306368
51749 120698
57677 147384
356283 6980
300197 422390
164465 126315
321923 21819
276314 110274
108723 93174
278944 181957
302422 320097
8498 65702
432005 333977
139963 105615
296202 2455
366669 254855
199110 8427
154258 369124
435641 408382
161840 81044
198017 104389
199989 336041
386364 273341
268934 236153
223300 103884
328683 190537
155561 417738
88325 82926
261487 260136
67415 409795
77074 266009
205515 346623
238139 126934
403670 7026
57521 136593
311730 157737
170048 362431
432067 215787
273236 189570
236984 54410
130035 89601
120592 140428
184559 285687
352549 25535
284015 388008
213879 215585
294255 410417
321283 385337
257566 78712
303817 109927
80050 114543
114632 134077
418452 311277
249839 42584
235044 354746
131900 30665
380733 79881
406794 417506
94921 166895
110948 389242
115093 323805
287048 24966
237244 336019
409537 35309
306900 43729
110159 185066
265349 384982
144984 217649
314016 52192
66202 191091
429021 109615
349576 196342
50348 89306
130214 416939
240639 284459
315289 204247
355040 367952
337017 135711
378580 398407
430300 327574
292400 253748
133494 77402
44268 290145
55588 201350
394309 110901
83554 202011
57297 78913
103984 386172
45222 97972
101123 391426
259757 60719
262699 135948
251464 316256
65432 395010
175847 55757
258225 128189
163230 25283
305167 392052
185211 385213
427243 331761
264095 192154
427353 406840
1019 55912
126531 7481
103035 155335
401417 323437
319741 275643
12930 164823
287056 363944
307541 1704
419779 26033
318611 106133
89312 97814
344799 20344
355867 362945
198855 92082
416423 293938
157149 411021
311053 213888
320680 197070
313381 233716
347249 145049
118332 41323
417150 352524
96156 384056
294885 72958
418226 213382
290983 8818
380463 221518
50884 242532
299908 411614
201536 238095
137762 68159
268329 348884
276889 205698
330813 54358
207480 201244
416094 307242
160543 412325
166716 52026
331824 190145
387380 307099
128038 189396
84230 1832
280625 422938
380732 189471
136734 177148
52688 19631
362032 260431
138569 154191
54100 184430
298710 220215
329166 325636
258337 380675
196624 228562
185435 208023
341660 67809
169036 420340
397629 405020
208428 12086
366387 104727
18378 352885
62662 90032
139238 200228
166313 276782
407146 261620
360318 300442
75315 181386
399772 81381
33231 174037
359013 422195
390352 261445
222615 64902
364975 220867
278489 345957
267714 230554
199374 269577
238089 346143
95838 374121
376381 267891
93235 364553
216160 387595
355766 328249
26133 304154
232002 357433
157773 2356
11449 27985
272003 288360
317707 356851
309719 286799
258368 38214
364063 317372
358550 329965
132601 428185
19544 414805
299487 86148
249829 338998
410740 335888
146987 305816
434589 308455
386435 96168
429859 9601
244311 332182
215079 233478
363837 230648
411558 282789
193306 186164
400354 354299
66016 286972
355915 317328
320994 432197
262455 234032
133002 62120
210875 134741
330593 107232
339679 289162
133996 22534
432125 8020
347291 429963
198601 27299
172987 228074
389259 174238
191084 125506
115157 284962
113526 68881
429801 54833
191538 139949
177166 254417
154228 100364
179410 368517
396980 416294
203302 293349
316313 73077
138499 284066
31222 278965
92683 276994
225494 229657
30289 63778
63521 305482
122585 238280
338491 208876
386155 327969
263711 342749
244058 202764
92687 132578
215831 153447
136987 401204
12172 81272
240619 354646
413494 115843
431109 65563
114232 204897
108544 259771
356970 389999
358029 364818
7746 182682
308085 2459
423339 263735
70668 65113
406846 172455
36986 131975
332639 308715
280894 3325
426739 181281
255973 400599
209372 433503
358028 267479
338950 76632
226821 219648
98021 247872
169582 204718
238759 258507
96025 141415
411856 22041
293581 276863
330680 395197
151659 311624
137904 204853
76046 153106
27616 364029
111098 430692
223161 150840
410900 170563
97899 209118
425479 121762
393210 236988
236468 92423
179022 190603
355276 317229
58262 10862
397364 6944
1229 141164
154480 48594
38415 145719
51996 247717
198870 92600
350827 306225
231752 346333
232384 410356
181454 4051
374843 177615
69639 167180
313607 91736
355784 159070
203489 131626
108437 77788
110443 179994
121170 313205
109508 205564
65362 133501
429591 434454
383560 358127
247023 429882
99706 341700
380029 402363
58546 137878
254097 295622
253459 164534
216323 414361
338574 400894
355024 178939
214509 20040
361910 46949
373233 114351
217280 387881
289189 66720
219460 268372
96983 333514
295528 338153
103006 107792
98186 275141
129061 353636
221038 129235
172543 244133
229978 269290
280150 20808
194028 385416
12035 219524
236229 406531
84355 326800
216095 301831
239727 406168
210678 155029
249434 310875
94525 391232
86786 227819
131154 119050
41470 11579
36728 171131
114707 82744
307359 24871
421366 368346
367325 216421
231419 395956
255057 432619
202681 389434
206218 325387
67831 20152
343718 143295
307415 281072
326188 307450
357946 429966
38255 78403
240432 343692
357771 148470
269273 402387
254220 193040
301631 270178
126502 198903
347735 259619
311311 286720
397312 183854
273078 377773
369912 338424
23533 19568
276296 309148
139724 53484
320934 230529
268630 70851
65064 380282
314835 166921
324673 205130
369577 214445
42199 99888
348848 376783
81445 212633
2717 71986
393206 4337
186116 421301
23431 335023
148201 73770
38463 224626
343466 415137
35090 422881
60791 83598
181443 84794
113228 21870
242184 200076
206554 90062
136700 29961
139134 393452
244566 64270
90185 267524
234438 295890
434219 212949
342969 137030
205930 10569
357041 328098
282724 403213
141382 222686
36435 130175
205606 319506
396417 304078
210930 210156
384561 292878
74222 100246
99457 325777
234536 253899
226346 16204
151603 255019
53625 379782
112750 143951
81763 299196
166948 322465
50124 341192
243084 19619
348819 159280
285411 200626
168809 412858
390761 430604
352934 306271
235592 263577
119127 79923
408375 361169
422104 422052
432088 390491
51519 221472
332975 2598
17530 277021
184207 180734
382308 189041
311476 239682
129900 10500
326733 51650
164584 67906
183094 229191
34049 38764
208250 352182
421220 54975
227870 297741
70169 176291
121971 366912
237734 273418
165150 301091
219150 59620
237284 246304
90074 290633
397868 380958
