1000
1350954 2058485
2090347 2519849
1617402 3580495
704946 1235692
3417484 986568
191085 1873070
16024 749551
2257981 3100622
2953390 21813
1696509 1057915
3245904 3224246
2329325 173788
1302399 3334720
1816895 2724327
1710440 875360
1138378 408146
958262 2470715
2928428 1068322
684442 1164336
2267703 721339
2736087 557079
628687 2781387
129147 3268860
2633103 908915
677587 2675860
463389 2752980
1435456 2597865
2237215 1617998
1641053 1603019
2578807 3269361
661220 2922660
592040 3221757
2207296 1461711
138364 1484019
1851595 2188614
1603052 2605332
1456479 86296
309605 1571589
2714402 527493
702775 998714
2390821 1220086
322989 2135096
2446895 1218785
464018 1616618
2421491 1487928
3392920 2363583
130813 2691286
1096354 148732
2712443 3031373
36503 999019
357211 1576939
2898386 2549607
3558051 3262195
1593163 1831357
884717 933311
55930 2491682
2227554 2051503
2867465 1774739
2205381 2888346
890397 324614
1074157 189642
1410106 3375728
558783 1320746
2902677 537563
2056229 364235
1091989 1324086
275034 2964451
2511996 2073236
1478129 3093580
426249 1875985
187110 2835974
705367 945972
2297602 2832504
1375388 482680
177290 3357223
1330835 1790156
3177688 527432
373875 2504077
1611067 3149429
2665206 360126
734540 2796801
779546 3175013
1508891 919827
619328 1268279
1233890 170333
2477795 3110239
2470006 390970
1375814 3237953
1527926 2309466
900595 921506
1168992 2634484
2844802 935733
1396749 2326055
1794249 3432974
1655714 1594270
1783293 2581627
2143859 1983664
2872238 1598939
825502 1462872
1594288 1678791
2087918 1255989
303911 1345229
445424 2179291
3088875 2762490
2861905 1028941
3307636 3059281
2559883 1900687
1865166 1881950
2658596 1666556
854947 1518355
3106575 3172453
1918245 1296788
3258488 1216373
2335804 3174730
3109718 1085724
1068285 3139798
2880612 3419794
3379979 134269
80245 2470268
1607630 3144827
996685 636175
843956 480970
2742733 983566
813520 3163689
1441054 1311401
2820700 3076416
1188455 987988
1822801 621917
1768224 2046129
5435 3582624
2763978 2778400
3422076 1586442
656111 1233020
2238574 3429231
3574696 2688294
134725 1226978
1994693 1147623
3555600 2458977
2118934 3272863
2506973 289284
1572229 2735552
294124 1773802
668625 1336820
2233234 339451
2361917 479627
1342651 2588123
2993914 3528090
421333 3226577
3236623 3143893
2383315 229003
1055599 1903285
685484 1534200
494221 3070020
2337730 828886
1407099 241975
1009844 2304646
1827316 1700947
2762825 1971642
1494636 2651382
2663009 778002
1325002 649608
1678390 1414343
2529478 369765
1686764 3153498
2255684 2198414
1145993 186657
2163030 3314927
2765378 1711305
1870480 2921504
3336833 2504401
668524 1630254
3194291 2365702
340563 2692008
1302453 329866
2997258 3023976
2812606 3306202
2483532 2557087
3294747 1468473
1803268 387426
3457436 2540705
2548185 3192156
2249869 1824610
2029197 2606484
33763 613592
2371165 2379539
1076767 945966
205819 130274
1689286 2169366
2870393 564063
328240 1640813
610525 854980
1299780 900410
2167700 414951
1797252 336899
1712502 758078
2644656 1921787
3474625 166883
1486317 3472894
995636 1732575
1775918 58097
7585 3532015
485729 2514724
3277893 2510852
3159492 2096508
3429771 2139085
1832197 2142998
1854960 751003
479060 1843915
2798700 1272897
563147 2881944
3278374 840494
2963310 1030
1121391 4740
2864377 59365
264871 435285
1771475 1973985
2712446 1477461
3054533 785748
430793 2394781
289555 1222170
2508471 499748
2898358 3303444
2135370 1768088
1332030 3389329
1654693 448757
2121267 3493679
1432798 1482683
1366878 1115552
2667612 1046166
1620566 1500224
1192768 3030842
2612352 1775547
1454833 898621
6196 2148357
2925912 2194146
478902 3270939
1511747 3204374
2679062 496138
1814417 118865
779622 1085831
636155 68108
238706 3173341
1381043 1221541
3327675 2275698
2493520 1053192
2307142 2500004
2160960 622745
3350309 693550
820827 2434201
3361390 3410314
2849900 738123
1770982 457191
2951431 2097504
3498901 3068930
1975186 191041
331025 786793
3253127 2150296
2064573 3504331
3399428 101177
98955 2618311
1301085 1563786
3585746 2083134
1950668 2972145
2689824 1909489
1439432 3181099
2448081 2555664
2406977 2657824
2258997 1364542
1308533 1991912
1181285 462262
737280 1259996
2433166 873875
1308333 2232484
2213742 481710
540321 333222
1400214 2848801
1311331 2605326
2004416 2306891
333658 1444299
3402315 410732
2792270 531610
1927036 1402193
267335 1834691
1042929 3153913
3421176 1446223
2380618 2892188
2169460 73601
2845780 1374154
976572 2252030
1358 2908093
1912509 2165688
1477321 1177290
881427 2536262
2057934 2816324
783956 1995759
2370205 744049
607820 1026590
81427 430595
2091841 2125337
288538 2142255
3536440 1121332
2999089 901569
3532820 3520313
1767160 88776
988948 1389740
2360085 1246414
201924 847868
3592000 1209282
1773036 2188955
2942721 2678300
1989005 568270
3019460 2824945
1903753 1121805
156280 142329
3482629 3288373
353344 1934733
1051844 1305055
386127 1335499
499881 3293157
1205808 1769372
2481025 2232449
1406379 2385018
600088 303315
2300517 211584
250496 525820
750851 3533649
555386 2285893
915722 436789
902547 1382013
2881390 1123692
2748607 3221701
471737 1644193
3177400 2742023
665342 745241
2769727 2984369
932921 482677
1824421 2634386
1222226 246549
1145264 1501799
1924165 480662
2820771 1310227
582150 2092656
1657310 719622
839180 2498509
1793318 1800980
2014761 2208068
2314293 2307539
803073 2553513
1517164 301177
3219806 2577652
982494 1006772
915374 1235932
253918 415735
352160 3211785
3339494 2851127
388022 2217670
1446612 2602183
2299633 387825
1833497 1130256
2419717 2550275
2255677 3457079
1059495 3247280
2939569 290957
180519 817443
1032701 3335165
1891165 2952891
2223390 321791
1008382 3431590
100944 77544
258037 822053
1912063 1862191
2180147 203389
3051338 2142224
2886175 2293781
3201733 160948
1242980 737943
820971 1036668
354951 550107
1756964 1690617
2141859 203183
3176200 2658327
1162643 3368944
649866 2257394
1913942 3135007
1040725 3115080
1087402 1630473
1082682 3557907
1675732 1312646
2952865 84766
941711 989822
1182847 1320185
3423083 1418553
1497577 2672682
1852314 1710717
2301803 2541747
2264044 172357
399374 2352424
649851 682085
2706012 892885
2132209 3374023
3406218 2016087
228135 1170603
615938 2280894
2955493 1928341
2317367 800270
1244786 1625763
2763729 3153196
956861 1131945
1064810 3506666
2905162 1264912
2910846 1400081
1147869 2491246
2544826 415970
560943 1613126
2876988 2470082
2157030 363283
1158528 3139413
3319336 1320868
141594 3395617
2977042 1927905
1975813 771727
1800236 827630
2358284 302267
428256 2747639
3019328 765000
113771 1742664
866916 645212
690893 3223035
3010349 11487
1455108 2018491
3180490 235439
3050103 2578459
3563436 398300
1851764 2255949
1185996 2834881
3031298 2346742
834246 631288
255392 2938689
3355022 2010160
2750804 414767
1847339 932930
2502331 1128559
1108130 441168
142231 447710
1239179 1526889
2760814 2651961
780988 1805148
3180734 2582336
3496262 1817033
1778568 3057623
788164 1590542
885335 1537653
3210634 2056461
530767 1448730
1992589 2322664
3177396 2182718
2863396 2236630
343123 3286497
1622868 340296
2645077 1463441
255392 3051597
2518917 1963622
869853 1791768
464754 3377139
3222819 3197778
3365884 402233
910501 3573283
584110 2159513
1089698 3365218
3578753 3172273
907695 1794116
623866 566538
1510316 1291213
2468184 2718481
961207 2768314
3574882 2361361
2777540 963848
805040 3189246
2674584 1578681
2931148 2993429
2725822 649399
1723500 927486
372311 179036
2943975 1987621
1181968 1250312
2329701 2181930
415349 1526122
912691 844780
1865107 2506189
977510 3566786
2367746 1964796
2037728 1654742
1537089 2133476
3178143 2699433
109943 549221
1593952 127160
2936124 1544553
1347990 2961578
3169354 2603132
960858 3354570
471258 1201263
2036306 3283868
132013 698992
995001 1697420
684807 211204
1131263 594385
2532732 197633
3126578 1226381
2882682 1624295
132141 2829127
1418090 2757063
2666877 538404
1946833 471918
2387072 2240510
3172948 1273462
1936769 526911
2519507 2098840
3192600 2709539
2401947 1236781
882086 340627
701960 1275482
222658 326484
33940 3572091
2691171 2554573
1105888 3452903
2654664 250436
2114057 3565036
1847341 2842364
782544 3080288
2833579 3310750
1103125 2791946
862875 3389631
3514302 3170689
420544 1611808
2662117 672727
2984142 2396836
2407653 210160
2380407 1620589
1520607 1135628
2049840 437934
2650345 2604468
2169761 943768
1211873 463455
564437 23269
2556232 1955200
139984 1481037
1783694 1895228
2190729 553821
493312 2654516
2183849 1538960
483920 1367412
2554925 599384
362241 649774
2257562 3182205
303140 673595
3374206 3298474
916861 898690
1471518 3230828
223622 1131974
2160142 1004322
3194659 3356623
2652310 984278
1358089 17285
2586009 1976533
2667015 102534
2759339 625438
208788 880261
741156 777157
2897242 2772056
3067776 1056930
3597109 1918858
3197489 1288407
1625623 158951
1068974 1248944
970313 359400
2251984 1511084
3097481 1247822
231873 55172
894334 191836
2778992 3270806
270212 39817
2824282 835744
1077210 3188511
1875646 961125
1821678 87260
672038 1951539
2912383 168867
2146329 2836605
413326 1988417
1102454 2826905
3491040 332782
1194210 492262
1038671 672121
2727072 2207761
235108 878010
86582 1550464
3320398 1587164
1931008 2748595
1101875 464468
2217980 2513713
1167764 94813
2114731 2208274
1779054 2258228
2227994 1853828
813779 2659494
2454620 793114
1784754 1758383
496449 2754614
2475130 3025693
1459256 3029941
3240051 1914307
3497650 3206922
1876765 1286315
74070 2827992
2163532 853311
1964351 1958637
680862 3592380
2018638 1177901
2650474 1157608
1522198 2704893
78967 2667709
795804 3575178
640706 3294512
1475459 942969
1647994 2718603
2490253 3528083
3062269 3094804
2651715 704486
835787 1621643
660123 2722124
1558435 820978
2318211 44968
1750441 1421419
604841 2360914
1920960 3039820
3247669 2553205
2601248 1048289
2410782 2049014
310707 1069963
2776899 185365
1633096 3079152
821846 1649119
2891365 143304
101167 892001
503947 1336563
791621 1344516
2461016 1248913
2826835 369280
2698305 228428
2301823 736537
3287965 1105183
941823 576367
2598344 436675
2503472 2327099
2611048 329790
2090925 2952889
878822 2290690
2019357 2257194
335884 2976661
2079198 508170
314082 1343485
2691227 2212670
2639180 1754032
3195422 3003607
474966 2410388
3255269 479358
330321 3422687
2012596 1151666
3083444 2711182
1043775 1667189
1459596 1698956
1741536 1916445
3204507 619443
3135724 2014346
390448 3395080
1246969 3493108
3352707 3159196
1665035 3377459
3568932 3426794
3104816 1506989
2130066 3102573
2277395 1814166
1254414 2739599
2510363 2239504
1285744 524446
3317433 2046733
1481914 1700752
833915 79137
1967126 2858779
2526794 1626678
328759 2133226
1540370 2101324
1765882 1968170
2248772 3024898
395773 3142549
1695433 910980
2801827 2612447
741403 3435184
162456 2371682
2799365 1295675
1157579 3293133
493452 3248664
1892861 2889169
2550375 3338090
711768 366111
3319699 517211
1563711 591640
785737 3197232
958319 661959
1183999 2863653
2041961 330887
987205 3537970
29088 1280754
1448725 1960923
3287004 2054364
1207358 2845630
1897639 648625
7649 386243
3451860 2604840
1545226 1884393
3021719 3502944
703873 3360015
1742018 3016253
913300 1700797
241775 1873213
156266 2040942
1485496 2269898
1932113 184640
1608685 2500579
800356 1241085
1560763 3562586
511663 257910
2913805 2582893
2189263 738942
2899514 3537826
2690027 416554
2387967 840893
2442726 114356
3584618 302425
2706065 3582597
2834946 2426201
2888186 990665
3497595 813004
743747 2098385
2149195 449826
1300468 336383
2350827 2378938
2719754 1045909
1527408 3528063
3419107 2735649
1707162 1157362
1628785 3366492
2382299 1092365
2038355 1877420
2554838 1791022
2569673 2593941
1040600 3122875
3273197 35679
408508 129628
215490 330529
2574573 2734000
1666529 15291
59634 1411270
1510738 405145
1499464 1609196
1506001 1352746
78321 1836399
736362 1044539
3275509 460985
1095239 2032851
2247733 3311912
3229861 3311351
2265135 451791
908791 2510772
2555458 2010431
3347398 163716
1968283 179813
2043409 933604
3173270 176227
2990948 1637512
3091104 1361277
2705513 1978116
1086620 2262443
1003820 1946621
2970045 2331840
1326996 1766989
1138730 405238
3294624 442556
2195767 578517
2129188 3012006
8308 1578283
2595821 402034
2772213 1521084
2184081 255648
120914 1896301
3452609 1344709
2166683 1575315
684620 357930
2739404 303673
1339295 794143
3308351 1190211
3515127 2352673
219337 211844
554126 2050155
2010966 2826369
1867644 3016407
1017829 913242
1177218 3103197
2359782 1746806
1334467 1762799
2637491 2106973
3116568 479140
1237653 1685867
1265895 1724962
541068 2425680
1170406 619104
775334 999517
1008443 308927
3145601 578625
724890 747604
2618686 471824
3073722 355807
228598 1604589
3054599 3142076
1508575 1621747
298650 769729
1000 1122249
140213 3063332
1323078 1274324
2494129 855615
1032645 1771176
3343401 716016
726393 1632220
266963 3526552
1862287 2499005
2476296 2288030
1305448 1271735
2095573 3338972
1914256 2880772
1948033 1166151
3393307 689841
1532726 2811394
2094599 1330766
1323451 68309
3307925 743768
2353292 3241063
840006 1885210
3046703 3154866
737286 281993
2916377 2085924
1327743 190643
2040480 1463826
530807 1795682
1256369 1751663
2827074 1483857
1696187 3019698
1853423 1835157
317771 1777229
1639720 1031305
1089983 277980
1087015 2509848
1591852 428002
746641 3503045
3540764 1101503
932301 2433949
2520399 2508282
624379 408111
1118713 1708984
1496689 1789371
3165771 239399
2806988 2571224
1716495 2950976
1477467 1623831
1630698 2347828
2025318 1825988
92101 3468127
2419091 1360250
2790532 1990669
2370650 762601
1499551 3426064
1093827 1558718
741312 269465
936176 1677684
1341615 575878
576473 3085272
732962 2006813
1474265 231849
632609 2184825
3361662 540944
11463 1633687
3242696 795547
1474739 3252761
1762676 1608225
2244385 3299448
3332095 767616
975758 2078038
255580 2251333
1234876 1057750
1738763 2133583
1487428 1539359
419384 479802
1617038 703362
271332 1489990
1529797 566691
393294 1098878
3128458 2767802
3535088 2843282
2011486 827330
759577 1752232
2400274 1749075
2522204 635578
1659887 514287
1832951 1853747
3319173 3389515
1342223 2623181
456376 2499192
2667889 3368365
3514164 2589725
1657850 3042685
3595970 3592745
1057336 3533965
590643 3572765
2584083 1021223
2950379 2185716
3428969 2444557
894245 2953462
1813864 3045797
2698036 1422067
3137986 1455591
3045236 3336171
402213 3563178
2551494 2819893
260016 1084221
1682533 2333588
3471230 1781743
1162229 187737
3323441 2583724
1308689 1062729
410489 479251
2207474 2870185
165111 985374
2419762 2464675
555650 1878724
1792413 321490
2401374 2189819
953378 3202676
2880740 2366504
3187308 2522905
2355244 91428
2191198 2031953
3447261 2322204
2847672 2853942
2847289 3396866
668176 2246308
20418 241340
1063087 2763412
3332500 3390532
78998 1760043
3189368 711217
2780739 567007
306742 284267
3561272 958958
942610 389789
606877 773476
1226461 135070
2784284 2313235
72600 3323582
1956524 1028002
2490783 15161
610271 3596810
2922096 1537762
2714078 2213911
2804034 740091
2170252 2003580
2431613 2648020
1005117 3289597
2183301 1846319
646870 281153
1145599 891193
2972477 3373162
3423102 2166075
3194603 2439941
2136350 1141589
994365 1990475
2819746 817582
1399094 1761457
2908310 3393768
1260311 1185602
1630917 3314175
1944038 3568087
3395432 1235891
1230444 2990294
1446424 2596561
2429212 2645774
1530494 1936528
2737064 1202632
3270262 1274294
2874156 2400104
2018120 2672806
2792177 2913671
