1000
445680 426467
65828 1059898
340072 430087
357868 501506
455106 1055716
287428 444143
622635 234928
562011 859317
674600 1036764
147624 218760
454669 830350
950119 738572
384447 996188
1031941 235048
780861 167842
435145 859232
535547 1025892
661832 901629
852658 973380
1067532 937561
8267 530810
897306 377946
440530 418955
788706 1069940
500 642311
231061 15833
544915 607783
225534 959316
763196 459216
359063 384083
160097 974295
642513 815888
394374 302672
804272 846560
923078 403708
977549 272616
785236 842174
850950 537461
90694 404590
407444 260252
678588 435820
525996 71065
200924 102521
489227 898060
1061747 77425
1053487 628111
842028 445145
841986 708790
685083 782380
222690 819182
53455 594079
329589 722932
293500 341297
408798 476876
647925 713762
22653 614261
306056 310876
496511 988174
548875 262170
247584 462908
320778 95625
53407 656547
797040 138124
1028006 381980
34255 408088
1041496 778767
398233 288069
197325 696824
888023 182225
875967 1005148
229913 614440
468836 260269
984309 40006
950508 891231
673016 528603
255220 848428
943739 405988
706259 871381
521644 136668
909357 172753
790094 757551
537737 726592
961658 550386
631362 439202
635371 222786
383168 30286
509238 789530
41398 818549
506960 1061347
84157 23542
293256 685353
473 905524
902650 284941
207340 649071
48491 63711
582437 440182
147617 855105
676736 5209
874491 697833
183755 447479
26959 334526
525643 773020
704209 151727
1036762 722073
315648 760316
751356 725653
978828 321064
348705 680713
512946 976030
216583 511834
438409 380990
513239 946102
46318 345614
321824 354188
616192 1849
743319 379312
1029289 350437
572434 948250
91317 9316
93684 173019
845830 883245
156077 734402
1019316 346074
772015 226813
223156 1052327
747652 76680
476822 351603
2666 89553
953909 537302
339079 463622
401876 457938
30038 902243
73368 843641
937746 379322
233733 519414
46518 816712
1015883 87940
486758 595855
921172 177047
776901 232633
91746 742524
284387 119097
940196 259567
525220 532670
793942 411675
584547 563336
587106 692313
241113 525847
85575 597808
1007367 1025075
459261 90598
326280 884479
922218 715247
1010685 51885
10784 914791
468485 561127
905070 193833
688834 1065343
763971 322780
891980 1048670
620369 553573
122427 477900
876274 628588
71308 909935
654974 364998
954617 972954
267346 530589
759040 570871
357358 1051432
54986 537241
73512 358993
954321 466990
1036901 566128
1062950 74493
814643 638513
999640 386147
693604 941979
292949 406785
620759 1048992
560973 945270
721703 62128
531205 585904
676027 209137
433465 172426
811051 181906
192572 460132
898454 464295
30080 415955
518551 133819
904428 527693
579808 736479
67026 772442
139828 415398
203844 241020
576139 259071
1032778 79697
232283 327753
48341 568319
880072 362791
874961 227185
280228 993508
203525 602514
5869 610478
872566 807222
210265 485967
251813 588623
138999 860098
344815 550757
39365 644788
985573 493201
987950 857522
364328 796657
705410 247846
1032095 510510
90795 1001144
895317 381728
1036384 743679
165588 618444
836816 384173
352789 774281
578570 522752
881789 1024249
726793 422273
185378 773774
741733 994196
890094 137348
832257 888784
201075 182779
1036478 994995
362345 1023087
119880 762173
676974 186084
581583 116600
670177 91063
523155 80720
307247 993676
910976 134152
881468 989468
14278 361162
781698 99778
112505 19142
367308 1064727
1062353 945967
744889 876324
137923 5557
899563 575000
700015 763665
562295 871196
341186 583173
316523 199853
942383 683661
202542 275706
243844 352996
1011625 1004034
559142 926789
937256 770025
300857 892210
918544 1013116
373745 17830
765851 90486
1040830 175863
760848 228241
156475 516042
829169 299247
896139 584989
206174 437527
928118 132596
174221 966430
758485 819158
176994 145300
1017930 464488
838888 41227
791266 74586
671151 59951
16797 454026
67382 338424
803066 519899
1024099 802175
210806 74897
682143 166472
410416 502661
753345 980757
208861 934043
862445 825572
754561 496806
972862 691477
925945 645063
95598 626871
637308 530770
265495 1035461
759514 495157
348381 99181
435062 160568
545365 293202
722403 672534
251625 19891
639150 963725
525531 490894
819466 500008
966779 551769
563829 935504
54401 1026243
745929 414905
144152 28607
683997 255169
8800 189431
520899 820976
782277 812808
439565 18178
128302 415003
679208 607113
351589 742034
128683 648430
691843 675234
302682 71376
976987 994792
494020 914168
784109 964491
104447 195189
34666 1020981
970150 817058
90533 854768
456890 516017
14431 553717
18936 54575
501550 670180
910032 880501
863966 672393
669369 812965
1049747 600824
606040 135065
731617 792498
948419 812098
314283 850018
17115 68771
974385 487098
989434 491062
101517 1067289
984087 19787
773343 917350
823545 142115
934669 494936
558041 709940
593517 960754
287383 188820
497211 348219
49772 644794
454692 418753
452939 701996
556352 698096
80349 123705
373646 359333
614373 994287
10503 366741
43966 509724
337047 135752
35627 456539
548599 949724
283397 800722
269083 126875
654030 1036104
113607 277964
190396 1013407
462586 538470
984713 997810
682787 274339
108047 363840
484653 497372
675193 617871
663746 1035157
723935 195821
725638 307533
31881 335327
274618 234051
608335 949096
73358 941374
690106 619610
839086 317905
780323 595098
630730 705367
806120 177744
537222 307038
16291 357334
996957 628228
454623 938978
571857 1023832
491933 103076
851476 479555
493974 1014447
73435 64686
280895 582024
415827 748179
870303 197964
261499 745729
719811 917029
21722 471231
699025 862640
381427 886260
928117 479738
1012404 445915
438592 525900
390758 956170
895286 547457
3784 698406
137622 300036
268572 687596
855558 683506
179335 169870
608216 951484
556456 828237
768405 335699
988040 651063
735494 363456
893180 678433
988630 1056117
576210 6464
651487 54619
824341 914641
210960 637777
279829 662669
675697 633345
664473 783356
884554 482150
953275 104615
590739 385651
317223 825315
727743 815598
1046761 953321
106214 539799
78212 832000
315559 672685
396514 80978
826698 747316
949465 319642
94281 1050063
515290 985707
51510 836340
106735 312616
592948 271797
269451 545945
449997 542636
215870 555799
1060869 230472
826401 1057440
162376 248549
406034 952437
266638 216459
118751 102293
1030968 415632
138975 665321
576368 826486
814048 990240
37016 834655
755883 923687
993167 882513
615742 733431
764749 338606
373467 176086
832393 897926
307096 354428
415470 87377
304929 499293
997095 803365
675627 634018
452195 509527
815867 958918
70661 439746
1018359 1042840
1034443 2008
23515 301097
322091 72892
801894 692482
449323 580313
343192 236041
885657 913137
317992 804549
851198 406564
900642 910825
388772 668862
139291 414356
389971 822633
412120 167900
211819 1005246
447620 435514
55142 609301
89219 181869
1044219 846486
519637 1052079
249480 678005
667220 67709
476483 116602
572340 594628
342438 877807
934255 568161
194941 464881
360989 573829
230582 96770
91306 419919
574040 154680
475552 976161
939346 43863
142166 871862
377179 563018
245932 669007
828611 283576
463156 410372
785925 415991
513351 805598
768129 845383
515724 985329
634114 306895
688160 256719
217741 496006
759346 797430
76059 779176
867067 906593
78247 239140
188289 80177
874078 292683
1021196 739335
1027947 57111
851025 712052
635577 1057015
825905 263412
27300 198505
144336 797383
735976 51834
700870 347871
942010 45883
609361 973862
724366 72470
256414 554898
170968 729550
130426 952654
670583 460868
424861 877931
172650 911484
888762 966793
445091 678045
630098 213057
157522 332292
596319 885193
802362 1065563
1069896 708402
68422 450047
141731 649315
153700 499989
622317 20724
784680 926900
316126 844063
789382 1042756
41306 1067604
799944 761705
441759 372698
148565 882950
242653 501404
157625 457024
220331 326655
866187 646338
91590 516612
954291 542957
40517 941140
13025 722559
1042262 545807
1049074 374412
352456 121819
515710 622275
349967 844601
352053 236142
305085 191883
231578 653932
668524 60687
895443 16180
194823 971802
469332 1020099
964740 153352
552917 474674
418337 550408
1024056 849063
65695 812434
33575 866884
584208 541625
925705 416522
902964 370479
615808 350691
125699 748308
346585 96586
651072 286578
340353 420616
736022 979310
207960 324499
939771 146911
934917 829327
641900 882618
429639 685596
725005 744048
240812 560654
726661 870478
661588 435483
963504 668087
244183 279034
1065078 433069
46362 697048
342681 674775
1056106 56957
775871 843626
287136 179479
88352 967515
152880 792939
1058773 258304
459879 432889
534523 468833
516622 721885
473308 708390
218104 809352
305289 261444
1042634 933741
742616 741257
511825 233411
223749 1022084
838205 677154
474894 77985
852 489674
896686 783172
901390 694659
629355 28042
679618 967434
182213 767520
43819 731200
801250 133416
839733 348939
977785 506
403329 247780
525448 979466
795850 836377
153079 663292
441229 781023
179757 466109
456221 248112
105244 512638
276019 1027890
852975 612972
129003 338262
993648 500567
142418 684416
396208 343470
889530 918361
707902 1065051
140769 201743
786247 222782
657916 707281
390229 1061299
273776 564356
166042 282981
289910 445532
553173 572902
703121 565852
77941 1041587
1051893 758642
803748 223193
19226 858667
576299 742627
887636 449567
189118 76138
812906 937629
797267 492907
1049177 369417
205695 927005
275489 870810
487506 33269
314191 641924
241241 91105
594351 903888
650084 1003825
513337 672104
294604 588100
1059499 1009349
293647 57663
1013408 687482
492716 309185
301143 782810
713572 1045229
65286 338152
1049400 343281
357508 527789
919259 411227
382212 936892
351581 1022608
404746 244315
750328 746639
743112 708056
168979 880551
405886 558186
522419 106554
506304 350135
432887 407207
311910 931893
285029 39461
341118 546661
1039103 639856
859788 68339
877967 757198
91135 150995
189858 205321
74223 299124
396086 840375
868980 1027758
188574 221563
280705 75853
1001234 1062378
306843 958272
853086 194804
196789 447288
386451 334155
125873 889676
38747 268443
162911 669184
631038 72392
250531 933353
152372 1017192
108243 890483
218496 415483
592138 850862
282673 948553
92778 782816
708129 716098
46352 496430
338682 375490
334662 766316
551440 953619
981135 639960
566332 271693
845700 525717
897754 658462
384871 405110
590026 526474
1055778 899734
993871 962194
1262 24272
580643 612326
589672 249000
960618 667821
382447 849649
753920 999317
234662 372853
822456 701461
99046 806174
415422 798776
119046 140716
435585 194049
411664 180504
666843 803945
301071 981400
72332 477453
290554 810779
815812 333851
614547 755683
792915 69780
1038200 369251
757090 873094
375677 988428
1010562 759572
352485 776159
370158 37813
280892 356062
952775 1014714
701528 580344
391502 413425
673550 531453
382274 913496
537047 206577
913454 676878
6435 378123
551665 1039278
933424 672473
357426 708219
766801 1035164
155159 52355
704716 265728
724044 888835
352809 549460
519599 682693
514946 811207
181233 1015567
414074 780136
105833 678925
747899 26657
838281 686633
670030 667061
1062204 440166
390593 1009007
532696 742696
301093 206576
972355 516141
568501 250486
258375 26785
181579 652182
743520 734515
854430 754781
784198 339527
161023 93361
447641 951419
446588 554522
522568 1027027
645867 358492
537349 335010
945923 742850
104815 125813
194124 75408
301909 286557
310886 754304
160058 593011
819754 473513
751133 420569
654993 80210
477201 161836
994059 22864
1034224 380136
1022515 900608
305370 244694
98750 207010
779911 286442
942932 366076
918792 1009975
331704 737734
790082 126102
435969 348993
743258 889247
909739 894225
438915 211595
716726 912741
70624 898336
912033 370005
653308 693115
664714 1021569
378503 181228
1037315 679303
714212 344922
316610 652338
385815 161259
1007985 381804
310793 516820
696517 875003
802167 56385
1034317 83257
41304 760303
1042280 294252
558279 210484
130779 738425
966934 559418
335447 447049
915198 917757
10877 570810
930418 566057
721830 1034008
555967 156483
770835 917632
32723 789449
21658 543136
595852 662341
1059317 181954
331560 725550
65830 950700
609700 960552
138736 86663
312406 746811
180180 426320
735602 849066
784329 860653
821953 546432
738277 446396
189311 388114
800877 1052234
644557 156918
683954 92964
195045 260144
405009 778080
383315 484405
795708 722451
805391 532756
1042681 281708
440487 116950
593149 925133
355183 921037
715561 79829
208716 685384
763633 327303
406119 571681
247202 806364
165554 1069276
1021395 827204
818595 401772
584494 738497
947362 98411
74854 220583
224990 161117
529608 340061
1005191 369680
1043222 535592
843208 189321
349062 96063
214963 37442
4471 533841
1061417 695205
596692 612113
163697 880583
764190 345630
404336 923756
520546 350714
645180 590198
448795 539435
1005839 288617
697297 209914
512134 738700
105281 27594
105697 291280
563642 523416
500719 587372
806730 484729
926971 91623
610901 6980
223409 52488
632358 611911
977454 463148
331622 741837
890115 305364
164858 802476
619635 817131
328187 374418
746020 751658
98623 402866
521740 676324
601461 642858
537537 707232
568810 823060
966968 399300
43279 290696
318650 565784
560489 1038849
625282 558971
722459 850124
701181 229601
498889 258276
310792 110935
151380 126383
929498 778100
494841 661969
578648 826447
322035 114826
1051672 768780
256253 630371
16115 181669
512971 442006
697236 413112
944824 727519
82977 907431
525509 369414
102041 866546
113012 821539
92713 1059590
788079 551257
52423 854393
749087 704953
232282 286821
608740 561650
937584 118129
244810 800976
949434 492469
819332 551078
160211 645729
6810 621474
387455 818906
440831 100388
22491 811439
1014112 619726
560659 820769
961432 184771
340163 385181
31367 532257
183678 44233
476019 940847
763753 294118
231887 745195
1025887 807859
121837 160096
213349 84872
688037 528189
614678 883715
983394 328126
967982 71003
618381 20118
760933 959013
58966 582507
1001976 191791
539314 1064838
390681 107136
129658 455181
829868 1019598
258202 40555
104329 1040646
