1000
2692623 1615973
2489218 1624309
175673 1042586
242289 945114
1867242 1565832
1959352 405606
171531 1001575
1345511 98785
1542081 263952
1535806 103562
1960148 770467
2434030 2126139
953610 374679
2711456 1662857
619197 2677240
1633674 769045
2198228 1513517
632938 913790
2226453 1878608
319347 551039
495705 1726782
1015509 1509083
1557206 328845
171158 2351731
1660811 185801
2411682 2535616
663077 2675038
527522 869486
1150153 1146146
1540489 1233075
1927906 740845
1602673 1162573
1976421 467212
2626592 1430344
595582 299214
2133199 2638012
2297137 1372846
983371 1583957
1572488 144207
358297 1073587
762340 1244311
535761 2656675
2527955 2168650
1862083 2008156
649526 687822
495833 740491
1058204 1456146
1634612 1530433
1252443 1200706
519030 2221820
1295540 2422527
1896297 2706195
87846 2755487
1191970 1312942
2460880 978843
2288794 642229
1102409 1608372
551662 2458252
1107411 1044328
1551243 2646837
686794 1310254
1046833 805920
1249467 2477164
1536570 85326
516951 2279316
455571 685259
2292832 2080182
276187 2600931
1550850 2256812
1298846 38671
2704154 2120753
1462667 171247
1867453 1194671
861633 1359735
2523879 1410593
699510 2157890
316514 774825
1477228 1597476
622279 1272286
2520194 2278361
2319477 1260212
1492956 1047519
1488689 2125082
529909 814427
1687091 1146181
1078611 1098544
374509 1860767
2512889 600240
2284350 579478
983238 2735535
323641 231185
294393 2134943
908540 140198
671711 2406236
499334 967011
1848245 2740985
2584561 1211169
2196058 841443
1758256 654020
2039555 2075919
1116124 1787525
863120 1424927
2131525 1961456
1349711 585007
1783810 1489667
1090919 1585222
30405 2752647
1873233 2289079
1447490 1104145
272206 767833
2658264 2280045
1365094 2450979
790579 587169
1842765 2441853
2719026 1147509
183152 1331005
2479721 477694
2051376 1927591
650741 1099923
1915026 2065240
1532514 247602
2206537 1282279
2563955 2178881
1666369 953248
1869680 1218661
735565 1631100
1408390 1859673
343526 2007210
791072 1619654
1167471 1228667
1635758 2111379
1595280 2231310
1761263 50539
2012627 2649321
1432165 2298694
1345114 2275889
2164374 1637281
1637804 801298
1579212 699487
2087982 2745619
1558337 458411
261535 843682
1768221 1486633
2019563 1312394
629605 877388
1694016 1129481
2158465 1843576
1319008 2701175
1686109 1714566
2277117 1124235
166737 1806510
532705 520226
1465573 1627520
779579 674285
1654928 1648961
756688 910790
1672719 1138397
218502 346274
1607844 1585305
1317124 182195
1112931 2498020
975099 1476111
2432977 2355692
1430607 2673587
1142895 2560158
436329 149581
1537543 1489557
2482548 324143
1687888 435011
966520 1082297
1082931 2637980
684658 888414
2007467 950994
1089814 2010016
1516639 621851
497807 2034897
2120966 2620209
536736 1493811
2392194 1203212
2332959 1494436
2752206 2486346
479252 1362513
2751551 1536561
2518373 2556284
651836 1038487
1185135 2553817
1070331 2112923
2542958 1715492
1446412 944488
821601 729464
1133779 1774794
2123847 2245882
1275789 1124163
2728460 2230808
1893310 1439141
1095336 94913
1246142 1018283
1590397 907116
1960079 1025809
1288302 2556546
186005 1027476
1584220 1689474
1093957 1446327
2554250 1928845
1150472 412598
2314624 1799721
415540 2636988
2166911 105805
1809868 1227655
2235877 698191
2467525 1426636
1954936 1197435
1310821 2248381
275831 842614
1676505 2401268
2393752 567163
2739414 368661
598992 293010
796571 2517458
2720168 298117
1534064 626366
2325315 2564141
128181 470528
2291712 314635
2010728 4765
1343396 1892615
2185761 2127287
2251558 552206
2289513 58771
882183 1372668
585151 1919063
1114084 1362125
78709 1186727
2081540 2102513
1350868 1289883
1411662 902663
614045 1987815
482074 1664537
398387 2451191
1829401 635636
2473124 2037821
239882 1765987
61948 2074869
1824714 1701067
1946483 952151
1037622 2167520
341582 597340
2058172 830176
15043 1163210
2366141 894069
2052907 276259
302197 1003522
220593 1004557
1500256 677903
709381 958347
150497 2549785
2533204 1688370
1452762 31300
2073364 1815514
2124640 1781405
2728138 543466
1744100 1442916
2257959 388812
117392 1347635
54168 542169
2176899 1728979
2313348 2362510
150603 682328
1603901 952367
2522206 2659948
57182 1950875
1353022 1539252
2630596 1228553
1703478 1810679
1825539 238394
22373 1839282
206588 168216
290406 127323
386711 1116413
1559809 946704
293045 2565050
1865405 501087
1549946 2425380
2277090 1676871
981677 1660482
1909664 83086
1391924 2352502
218705 1846224
919639 1616846
1660371 230629
2533621 2484530
378012 1966174
1328508 1436729
1088738 1500839
1076391 1325081
533923 279344
2118000 1535025
2099185 1866215
798225 2234583
2505423 2288390
1305776 1951396
1787797 994874
1634540 1891830
976569 354738
883286 2479412
392903 1995651
2259845 973104
477564 1601761
1322280 1959839
1342699 1237911
758726 1114201
1783408 372319
2578781 448914
2634658 2026100
1111633 1195067
99146 1128610
2131879 2386679
344967 1504939
184934 58173
1630216 1024086
715414 2511250
1785859 2099079
1947396 70331
1989061 1904755
2114652 1738848
2702708 151222
1246352 2114504
1148717 2697946
421159 521340
735228 1917410
990684 1025166
546550 1523862
1985588 658293
2619769 1383264
875810 96620
1901353 775723
752837 2394622
743468 1530231
138718 1198231
2087049 1185603
587267 560655
1851561 1345082
2494234 330069
387803 2327634
1097767 1450951
1118816 2093082
2440935 2059921
271228 2402588
2278350 1209138
1163919 310617
2535014 928933
939540 908264
873027 764039
1421114 1062772
2562892 2649863
1487351 1240938
2530600 660604
192707 94614
2324946 2663897
5661 2067712
881401 2586199
2118056 1221369
134400 2384131
1996420 341027
247216 1567426
1430610 1495525
1135805 1424352
2327025 1700955
152345 2263387
2542967 1136986
1698147 2378791
44584 249216
1498906 694029
677182 1078133
360029 1272659
282824 2748641
2014111 2305574
1227289 2464334
1766745 1488006
611005 1618099
1503605 2168901
1785602 1314883
2731108 1867854
2266979 2077683
1776608 2393431
1886771 263194
1649434 2563204
1148027 1896968
2063103 610688
591702 1511317
1573250 50492
329135 2274336
73574 2276326
1711506 1640425
1900942 1485380
2163596 2503091
2686324 1785685
2311314 944180
401448 2403119
1922085 2389741
781416 899131
2249759 283537
733046 1720691
1061210 1380019
1284700 884608
1496778 122741
1574379 484047
590784 2259954
406400 1578367
2412945 2431375
2060241 519047
1720405 1363879
579305 55728
1318344 2408176
1223236 2361277
1239585 1696438
766337 1745688
1786074 837869
1804479 2108558
2573093 2137415
2559631 536785
802284 443815
2119867 367710
570940 2309552
401974 848132
1463201 1546100
2206971 2668078
1557544 603468
748009 1944731
2063054 2163963
253125 672293
1100836 483595
751515 1539149
1417271 2334341
710305 1944868
236167 336920
2331369 1642708
397359 1172698
1364143 2262750
2613678 676413
391726 1424182
566339 2021335
721441 2509188
330999 249450
495148 1171068
1824711 2278537
187120 93713
2707729 2029456
2621050 799865
504277 381364
837720 1394049
2054420 633756
86020 901943
610170 464887
2265896 538128
1032477 199885
1518302 634017
1643531 1341604
65449 78315
2411444 1693153
978878 84338
1830742 31449
818513 2633234
564651 1360587
1706987 2040610
502304 1636209
258594 2467245
1190457 1868174
1558455 663578
813588 1022611
963834 1346230
1351650 1821697
2053682 820535
1878895 1555838
1953382 1371117
1620920 1061736
2573101 1897853
629724 816357
1273763 611024
881859 1457105
436693 2288944
1308773 351780
108151 1618999
775479 1476562
2290021 1124070
633981 1528042
1956411 1579638
2509557 713523
994842 1599012
116939 1352332
2560965 1871497
1872652 2680374
2082744 1604484
744813 1021470
2349662 1699835
2001215 1937000
2132814 1961110
2155448 2266254
187098 828680
976055 2732017
900623 317906
121499 636642
493633 1460578
2639533 478669
729269 1165977
2479933 662985
2142502 650563
1439689 136677
74469 1029200
667877 2604251
1774594 1863619
2109757 25494
2302784 293804
2751234 2672291
2095731 2577068
354400 61735
2005649 1440414
1903500 2286952
1927632 1630116
398959 652851
781760 441081
2052960 988705
331946 2402383
2350869 2673601
263506 74817
2647611 2623838
2045521 1848497
1790431 2055470
2559558 1067018
2165172 45689
1402307 471911
638108 1007578
1638035 946470
1551575 1451159
780964 2261046
121633 342669
2641771 2707669
968271 361354
2422460 1343521
109735 1107795
2400544 1049569
1880117 2437757
1969715 337286
1920970 1944894
460242 24254
202927 2687851
1458468 2293390
1570765 2732588
1990140 931950
2097514 481144
1928485 1562567
1379714 240696
2303263 1308449
532645 2483766
2109743 1983239
1454830 2256758
2687123 1029849
2318520 1216881
1415054 2660447
1549027 1771317
910286 994068
1278101 2471169
1936295 2198119
823540 655774
1027764 2046767
1662328 1188335
51867 979774
154398 456696
743115 437493
757331 1472349
1360567 1998738
663204 1996810
592385 1736898
2577854 1141817
2004634 1921882
985320 2389024
2634254 1200942
2133196 1898753
2632418 1875566
396464 396025
2374981 2224786
2015822 1813197
1321490 1278104
1817252 2692993
2319259 36818
2554348 1382888
32584 114461
2438631 1387016
340593 759621
1607869 2502326
1594915 1318189
1243582 2341558
1182449 920445
1151569 1245590
933355 2322385
323199 2489106
1412656 2191193
1880839 1559834
112031 1442453
2142800 2370436
2491010 1129255
891628 2715458
377329 582208
1439731 1648787
770582 971709
2096010 324058
2523333 1660364
1587119 713161
1472469 1460086
1315384 347346
2195404 1254326
1694545 1227332
350636 1968602
2566794 650962
1414628 65076
1787923 332588
1332835 65423
1422159 959919
2646193 2518978
211555 985978
698442 1253574
1847134 2094028
1171035 1602233
2455900 1181938
1428141 903113
132179 1937772
1716707 1378916
2441996 1483478
156523 53969
878390 2053247
2638312 118620
2707097 545370
1286890 2565261
2105736 1293776
281555 885735
1468103 2094956
317513 1107317
1373574 1145384
2504134 435129
1625734 592007
2452509 2138133
1006605 743383
1701370 982222
1627761 1998267
111502 1039748
1174624 2698061
1407587 2449051
37271 1633340
1538009 2576898
1630322 628085
1960111 2038630
1755979 1848995
495551 1758295
1587048 506273
2037307 648009
2505288 1389838
343213 2587727
866768 1266595
2633154 1901763
2487024 566200
710669 1700130
1172770 1442227
694871 292812
853861 1216339
1482696 127939
753804 2705218
98743 1257520
690553 1894595
978467 79691
501 887146
1961276 1684995
1449386 148511
1012729 1868405
963808 1577136
189563 844285
186978 2390741
2255452 2290721
2075785 1738584
1077443 245206
1194921 204168
1969015 1308342
838159 2587262
1247590 2067768
221026 462612
1774606 1705851
53466 1498693
383669 1648511
2688161 2478245
2727607 680440
908649 1206876
1424381 1057284
2330412 466458
1269595 1471609
546405 602851
1643489 2695875
1584954 1684824
1630145 142926
342038 1428365
2461206 1984527
1832645 2132675
2596897 559593
336466 611263
2429068 2423369
1327218 2021759
1415959 2626064
2202831 1840798
199557 2745727
2661872 2509522
1247248 1886993
1279028 812772
1176974 1196744
2579650 877785
2255015 1022860
1294154 1598810
1977007 1826982
1489616 2384006
1109462 2113203
1048358 2095804
130448 2736466
1046510 1809843
2201555 1136940
1592948 1636486
1142306 1879736
2687998 199135
1328654 1457302
156038 2417254
1409966 1910134
1569808 60350
421655 955440
730299 2626427
1892138 1634196
1073183 54560
2750811 2071027
1370512 651570
932961 844480
218494 1392052
1913139 158312
2243830 686953
813165 2278620
2548494 2156883
1865183 1883021
417975 1479561
1716777 1170447
2056072 831397
709928 2002080
437753 1769374
1976837 2010916
2488376 2209787
75660 1463782
2394153 1664937
1031656 2017307
991244 344638
927497 311964
2565864 1423555
791488 189565
1643184 2465370
2325229 572745
2228598 1156831
2492522 2048688
2305270 817933
600804 902998
2066730 2571756
2301934 1267138
825175 1677832
1950367 1012976
1135903 1160501
1723884 1287976
416159 828710
55274 16804
1352839 2237231
2287146 2486502
308443 2686592
1206855 1027736
2720924 867012
2284514 1847121
910043 902918
261739 1976455
1596443 1162506
2216229 2710666
2119491 1584649
2246903 603042
261916 1449739
1477873 1590224
756690 2255683
1522314 303693
1018869 535101
2009606 1293109
1068322 1528818
1781341 405859
1195102 1206086
2501623 2182463
627182 1534029
2418605 507968
1468944 2154210
579479 298474
846807 638270
1654682 1126089
2461745 2504321
404036 482134
1369895 926477
578352 1746690
1403702 2524313
797209 2147800
1427892 1633816
1612336 2517607
1558163 1334053
793617 1344604
183284 2210017
555260 1230229
2561092 1191436
765255 639722
159786 2007735
125574 811882
1786499 621899
1718593 2006906
266171 443447
713143 2370193
1387086 2287818
1284157 2660772
1598810 1514743
688438 1037669
2233095 712661
1311511 1172969
2293523 214462
2369878 1216918
513626 1890574
2178519 1994803
1874551 333771
1411837 638071
2707939 928118
2219048 662748
2302321 2266109
1305302 1425720
1150186 1929184
1402804 2159483
1172323 2176556
1762487 2516658
1017731 890311
1253349 540673
2594684 2041249
228583 436777
2487749 1779746
2738652 2568072
346528 2311553
1706088 232149
1195192 2118124
2317864 1532436
1017736 1102624
414493 2051037
434977 2001165
2158572 64857
666034 1390450
2328375 1642964
1134682 829584
1455359 2199032
930896 1491276
2752518 2426834
2551103 916398
206643 919691
576256 2153641
815773 2375406
340852 325266
599227 1145100
1584670 952801
2626792 2510455
1061954 1404177
1488012 518022
1496925 705181
2550522 287636
403525 416537
1452611 1382648
742574 1722192
1155142 1563861
2110376 1197393
585845 2193026
914654 2301916
970062 1501058
1622304 2079312
1312865 1373299
2149792 348602
389196 1019526
1167265 2414566
2651226 962630
1298265 1628383
1192237 299673
2530532 1929128
1561733 2613743
120920 1576580
2068405 1262319
2733222 2700690
1677127 1435995
289005 1003404
919039 2731648
2712975 1589768
2241536 1865498
2165117 2327121
1054987 1848836
554058 1216812
274453 775794
2324668 163644
2179405 1724817
1473933 358866
820044 1031984
2537910 1839501
2404066 553447
1008368 2584543
2203523 1437791
1892212 1361910
1168842 2103300
318734 2067958
1162199 2669181
712385 1544727
768230 1730558
2346000 1025044
2629208 261127
1618326 1905485
821574 1276650
507682 979029
362755 877557
1314016 2722602
2578123 1531621
726642 2435155
2072067 54371
2719158 408639
642889 1546537
1995243 224539
1504141 1176868
1943980 2276148
2732827 655468
2071715 2469095
930390 467808
292526 1617895
2707618 2351472
1752064 1304418
649215 1619540
2512787 893326
1544159 1050463
1041183 2580744
2714995 2581707
1587071 1485209
1516290 707411
1340019 303206
474876 2217897
1099721 773068
397550 1590134
1404354 1828494
2311652 984946
1613095 2536331
2316428 945791
2157608 1747434
2446119 1623722
1391588 1065036
2095803 1065468
447830 1364967
1840676 2673482
1392843 2658996
2412823 870484
2346668 1950347
1319293 559907
2587306 1533950
2146425 1893773
829946 1369933
1815399 1316572
26270 2283291
1826542 9324
1220523 2009411
1752989 959202
1096622 832214
485959 1357251
1445505 959823
342050 2174210
2684059 1000201
1112062 453950
14943 1222405
1078701 1604749
570543 2005109
1726379 2125378
1105063 2124278
814025 225791
2639080 450617
788458 463850
1771568 424271
2040213 1564637
2466734 2309645
1328018 980643
1625175 80959
384295 951574
2089454 2695201
2206757 990534
2182247 1221845
949396 2579637
2430070 1330310
1708504 79401
2109565 1039924
307165 2588810
2049554 2347950
128907 1632651
2219844 582678
2209417 391532
2749884 2446343
