1000
593571 1085096
628922 360351
1194265 127227
1162029 447671
762143 954761
13462 875734
1097605 519872
503495 912275
848274 395007
953903 1176626
868567 680179
22037 448801
1181586 777816
817086 319199
483283 887492
896035 136385
831463 58368
762871 580544
821997 739285
1026186 1061810
370261 73371
212031 1009282
146069 913271
846514 48115
1073270 506898
1056613 644402
496384 414648
837000 185634
359420 617897
914591 5135
124838 148350
1153962 862529
385716 699328
318709 1149634
727779 826128
956682 925158
989238 417690
282983 602243
1091926 517428
246530 1052394
533365 99778
1005070 397649
850781 609835
95958 176445
644737 1100161
1030397 906728
940097 1157548
834825 208352
869936 537203
724449 253086
505439 1035394
552618 1189118
951983 861279
46899 641870
1084479 1127697
60056 650391
349951 587183
43616 210677
233862 575365
214502 643050
1025636 614475
1125200 769652
841629 996291
808666 234578
116368 835546
463816 1172614
805831 68594
67824 412522
817523 578563
381597 67357
660010 667877
154692 713926
392839 1150663
348779 554588
209720 151595
431970 750654
1043036 161563
263406 433289
718667 557992
502725 1193848
459499 1095715
416314 488846
565030 493264
1001654 1022099
1173892 1195475
749418 870388
975819 485371
1101640 296715
486298 64931
141391 1083018
511495 664894
209177 81917
1144374 3196
310538 1197215
910388 1030968
191688 30982
500071 723477
345412 988708
303881 991073
364264 600249
1094048 403556
188522 324543
694697 1164489
1115739 380957
324573 1132971
768756 1145336
1192383 795749
159221 795419
277819 1028888
179830 240990
490359 1162667
517800 1119825
551024 839989
560537 186309
1025924 63640
149639 264720
68897 450697
71271 1043880
1122204 210967
1003258 870049
340235 551915
1018325 515261
1008324 246295
1022926 423593
1146183 1162387
818940 1158423
1024835 939014
541471 40142
724752 880014
605242 93574
421223 885255
1026964 980814
173717 1117833
1081996 1146736
236044 535625
965652 1177835
830705 799538
1052894 217321
482816 228790
650088 403122
847734 996436
123295 888473
1143225 827505
427836 449832
401869 900347
419181 817133
860364 57473
696029 247216
206413 1184303
618606 953218
3766 648241
745081 1183385
482123 666414
1038359 29311
73366 333115
697217 255586
442857 743616
1081902 983851
393167 803060
715833 685086
986444 685494
441694 10392
1086318 379523
630211 1011521
448267 534521
237884 136725
191615 1053271
858853 1103719
1024731 318855
4711 844240
231662 846047
494903 750230
954400 1104999
900144 520307
934561 564195
230621 371684
1121567 1170211
627120 76273
675271 851884
1142086 674670
923925 1046634
813740 283582
1122980 727386
659105 697795
758260 704749
898013 438877
902894 323844
398946 381809
521519 599685
436505 1200630
746009 1190892
522323 980958
796710 97778
1042328 767961
1128472 550125
722970 487611
145457 746853
54055 114341
642295 330397
366466 829406
873418 135108
1132512 585410
104034 40801
979437 3909
368827 200878
398198 1124359
655844 80609
317763 682454
853611 845022
519661 715724
414507 286904
787236 116984
880026 862728
1058207 168442
530005 177480
850977 922827
897374 229809
716268 469182
282821 124591
43239 664501
575228 419056
1150506 884025
641246 785309
1136901 1031174
708171 390865
1036940 361160
733521 59289
1029569 782903
1092817 639174
1085644 992069
416802 634954
657340 699385
300476 575601
965065 1015929
681991 698378
157602 22588
1131908 557566
142943 428222
844421 949259
1036723 46243
596257 574961
477159 419485
828138 300625
1160891 247408
176103 1171905
16275 714117
666366 1108211
451952 70433
159904 640206
451783 299839
177064 937040
616198 598139
124294 239787
1192652 62669
954824 34969
897285 311126
391770 979109
776497 90105
1089584 346669
430710 443980
930207 260313
636038 428998
1170367 1190679
817448 1088659
60518 322789
203088 1058869
674155 1101157
188777 928990
653148 865832
508174 227568
159790 152425
450620 719152
903356 1120287
73586 1041239
218323 155397
319532 942361
548537 926471
131161 34447
293438 776323
625052 407305
709056 725162
524324 264664
1079071 915413
1176859 273659
789143 91523
493656 1032943
158339 1162828
613049 369184
336769 932805
965221 376252
18055 70080
262443 16062
788773 328112
367034 124259
214218 768873
84119 652401
840934 723210
501273 1187429
427280 212237
160082 1069653
673291 993963
286030 627694
786880 591288
698399 386925
58732 993935
1145302 645122
676822 770142
779898 1067874
577781 284465
846735 619623
992910 101298
148319 1149362
165568 504244
916095 99759
639675 619520
806516 8222
509964 555915
825795 613720
267192 746278
1191690 663768
865607 904677
266310 786842
46459 1128485
577946 236410
1124337 582223
145611 346825
211715 990271
305415 927784
1199557 220637
542194 312563
918910 369049
1187990 647046
344086 1099141
1023074 949738
1066780 224891
375022 1152493
240526 353531
298482 464418
285165 695867
22965 921942
39940 905613
990023 801062
590216 506026
920623 510967
674221 503120
674859 332202
1096360 1020853
1020120 154041
891137 168007
441343 124463
1195850 76920
707497 139177
901657 601921
1095894 192800
1194579 845195
1202446 873911
596558 584824
201695 82957
691622 62712
508516 1053150
313934 289419
163815 165420
250055 242420
1203306 798871
1128277 793030
135500 112818
245192 766355
1124973 182706
884419 461109
1100506 817382
607812 806984
258734 793597
816673 62705
712299 729240
1057785 616683
632008 938820
893307 733314
366647 52653
179367 853146
698119 926892
1032512 1080921
830695 49127
802639 928011
162895 824530
90238 879423
994795 442969
757030 278185
389990 758715
883795 192848
420451 631049
686048 556547
935572 1126232
689443 478214
555029 452806
613079 1156397
10160 1040941
460598 1017208
429709 378559
1104068 902333
112708 304525
833695 665497
380900 125148
183226 294470
32487 165336
899214 37138
265741 434124
66305 1092402
795823 1031130
498926 729611
879034 833773
20565 794243
1105355 953095
1148091 925816
87918 51797
1159078 563818
69172 929559
14075 65282
457742 1117668
526541 1061736
1065555 84276
702898 716444
943687 1059590
167321 890634
633634 1066805
279989 22677
129445 342966
471841 458501
941926 527512
1095313 511781
1147703 1140465
619870 371466
317996 48795
217264 345406
1176294 918142
1024742 837900
228631 58190
77534 208875
304924 611946
981162 736174
651445 1186625
321168 463704
786603 604366
821045 844433
668246 1039581
2995 59426
489934 957568
557537 556502
549168 283862
490680 397558
975652 709443
596358 385534
991026 1177478
1111772 649933
389641 1136018
569423 618184
927195 284805
205383 275426
280251 809402
1176168 404391
403205 425823
861271 478127
109701 436441
554491 116845
1090099 403949
997090 815787
702282 634520
763813 772184
23128 286018
987773 998204
94958 980833
939019 305578
862969 752485
396237 1115231
1176708 849039
47560 926051
439212 993065
937266 637716
506918 989122
1083465 299479
717701 45577
577362 1094831
750109 1191838
1076214 678619
1080876 855627
59204 488078
53821 1073006
417429 669129
58863 694358
440493 610321
1203042 406734
141991 632298
355663 319157
229177 1045728
1065493 113618
231998 112377
274850 1055667
473552 160166
298768 825095
1203628 147414
428942 1091905
640052 299257
227735 675612
1013295 1097885
413717 272789
10392 1020579
315502 27356
318909 335570
1170165 921847
564327 420808
998062 87723
688987 206106
874889 156294
780750 996057
294025 1033361
327272 69426
1046856 327474
615120 1665
518479 774673
493791 211127
831629 60434
580671 383055
810159 917545
488030 498478
846345 1197360
422616 763000
1125051 1131386
827496 1019982
77143 510585
177753 1042442
97977 659324
1089971 1037738
591411 8870
301997 370076
408473 211600
1156042 706587
61277 361709
913065 966163
452886 320579
563219 477298
932959 89425
581793 331654
614089 491068
174673 432955
281533 618194
661453 361374
477876 275648
637444 470148
136109 657017
1039406 1186266
996429 347853
914666 945929
539936 164186
156367 496851
861708 326352
980827 130893
1112486 550819
959579 733254
487697 1119209
337956 515843
420658 162229
193495 765282
310976 371101
131030 975569
22659 894374
492319 413984
686139 917381
339352 330507
476831 1034335
147735 169919
411183 611510
690645 367852
1152178 1201090
1058751 843481
691392 903545
1051910 267539
65428 768024
138917 537406
149256 932008
238762 593310
797875 1055286
701891 889774
481670 826855
680861 1190932
1133179 1075514
1016755 1177719
165490 108106
1197361 55988
1190993 296562
610390 193701
1102130 1089884
777458 1074232
379866 106917
337540 188350
18020 684355
530497 1086659
821717 730237
533026 1060802
208175 741409
1074583 1186422
590882 263803
502157 231038
867718 907486
66870 28150
287663 373777
495190 583802
294122 1089508
893540 354757
69658 676976
367303 1049999
2492 611245
27906 1155820
620240 993489
591374 1046744
991336 993586
797357 1022336
882622 192713
570404 1058658
920301 661566
1052620 248998
1013357 960269
900218 157480
486164 415641
227371 953839
189587 1014218
452862 587964
384850 414306
906955 498733
938296 292574
1026883 305562
240027 585025
553967 801028
1065261 936987
628412 614898
435459 472731
221233 810005
758818 172038
1033562 701429
34127 5285
1123834 810008
264008 1194920
424856 1163685
46847 212568
516799 772129
139604 694401
656517 693118
530667 653788
1034598 241763
527439 149185
782186 923852
1027865 349287
918625 1197703
1104259 792091
698360 984743
993433 284416
346832 77073
459250 163389
201427 700590
913902 859308
183291 1163842
210649 168980
33948 53676
265209 1132183
305558 759652
1144626 79037
1007637 226006
149579 1086841
1012716 563054
351352 54475
1023975 1033522
846014 1139390
361529 612576
27905 1092951
675832 69922
699399 1176925
865394 505266
724406 690764
657775 1193182
719489 151466
796267 1015756
598795 112995
132081 856742
316458 871449
606475 198356
607049 730635
455932 613927
578312 1178364
896082 401673
924137 649495
1197582 902854
889111 298546
741559 815454
145064 1157659
40260 496813
166649 112486
525752 611530
70021 181138
1174568 281659
929118 40528
440352 206140
13992 718894
413871 759089
609353 1031633
723126 916302
159698 724434
909785 937129
525153 228275
189177 809846
1121267 846192
1044787 51122
426047 277869
324314 455674
805329 145708
666704 189387
409214 164864
606564 615283
774293 1049322
697981 94750
69455 913167
621034 623044
1187483 244730
187767 210153
401628 903204
183215 15362
848221 90498
1176628 661653
79274 203871
1018460 873489
217293 468126
115108 1009349
348503 549446
1193781 280454
1079888 427860
236226 1016234
146930 152463
1185934 358976
77721 85506
1147820 505749
232039 112353
704413 251229
499102 83867
942031 519925
710962 80160
877702 1193079
582362 1066303
1059159 926937
165822 74215
1063485 34778
1112077 335156
570413 846348
740191 878392
232077 438611
1194155 210934
312452 652752
462230 197272
896099 227171
383343 118637
273126 1063040
905099 565793
369006 13501
163107 673666
158696 347774
436907 766877
132212 580948
224062 62275
148004 1076710
274178 372144
1114184 739773
936463 1033710
603671 376368
106933 1200037
1058882 1144024
160471 361410
834755 823455
839432 946892
64831 991587
478503 1117861
629351 485850
306608 117538
318307 670083
63721 620178
904101 639205
563186 409679
216229 929043
379028 1139674
283075 230841
458334 130168
1120757 415018
393072 1092219
444716 269764
1046026 159185
646667 211360
349298 482410
692160 783540
60326 950999
1145812 1136610
1026809 471900
264251 595573
228253 419740
86961 852528
901005 206775
325727 837556
858557 200155
3263 823357
531954 1165881
316959 868554
33683 436113
69867 38155
869613 90355
188696 752179
1179518 595045
716356 928112
443626 1205499
470138 547581
278473 1206467
477471 941983
1190673 462811
158483 443205
691319 292498
397631 235453
8729 165863
784471 1153690
522291 398379
264422 1069030
922695 693526
677445 331363
1114897 594447
94806 766592
328333 881433
17306 1081834
473311 291481
1203815 535950
283133 817181
462163 439106
49360 1126138
936402 1046730
1152024 84489
743051 301373
339669 1133529
101571 580634
851324 609668
816179 189265
765107 831014
30541 754316
860144 599632
720550 1030519
795087 124370
964183 263805
381238 98656
693489 54082
959210 234414
1064944 579737
166826 222458
332339 1107960
698075 832653
27302 219172
1050040 771558
511130 692196
1095455 894215
816930 315111
463355 1172721
46690 93915
958955 13008
467936 804117
312390 653280
5233 582337
265898 380268
914829 129988
604830 1062942
570830 632878
20788 37072
854444 488308
347280 748515
110926 663570
640739 214602
464717 529252
633687 365283
362060 778219
263965 246128
1100689 716898
848210 1171266
968893 24451
834668 360163
360523 146928
720276 33480
224437 385292
140534 1152480
713957 222328
899707 393519
370715 139159
933299 356358
1109049 1175958
974524 772000
46885 315349
298276 560075
735490 757832
330821 851285
1128814 355436
94083 464569
337275 58685
194069 325447
522832 469667
457180 1198606
183410 233269
222194 210457
70635 461346
952537 1169613
648816 653016
642713 736862
1107325 270027
1093598 361733
8844 715009
598887 849303
1080848 910066
608435 922854
75384 227881
895978 539372
240127 757726
659296 973023
498895 564844
229415 921298
1113433 561849
342743 299952
695801 790897
1082880 1058303
938455 1196880
1127791 228551
335722 780377
571589 1005375
882871 1020561
874005 443830
738139 807386
1055402 70427
715575 415676
1044518 186105
498694 921557
556191 267867
175432 7339
414400 919807
72409 423554
123019 496172
1191116 129985
885569 455307
328859 82138
612093 505835
1174166 72363
214021 1144
287492 1098722
276162 999868
520315 172764
1206568 934620
576765 609212
878042 445351
169041 517668
424859 819624
451337 752855
968993 380696
100083 153101
580995 937933
413607 868920
291038 352085
637157 872407
916797 887782
41835 1010416
496368 350658
479804 1024210
770062 256321
469292 1103281
28331 494465
449685 1191502
395513 1165793
44581 130145
1156382 426194
422524 591194
994034 353975
1048808 401099
456672 236866
1055742 446547
956951 863941
683942 525381
829808 718944
499765 946893
770367 962925
572185 257021
257394 245436
728712 151576
456545 830872
385190 345173
480270 602965
270148 395742
665316 317399
196288 1157440
1105903 808258
977333 794336
455934 728827
876239 450536
964286 436550
995866 295080
733589 43093
145573 161648
625459 748202
