1000
1501797 1052825
1965548 3675628
1852556 4873549
5820069 3223286
1598270 4135020
2705951 1194516
783550 923782
4620814 2421945
5599103 12951
6101114 4418230
4107269 3748812
2115037 5173876
4653454 5516402
5157584 1395916
6153280 3711546
3940540 1594499
4446538 2751398
2216922 839073
4616660 3572424
125712 4414602
567398 5181324
2772728 3252070
4360315 2496024
3379327 5618693
385009 4312713
3739405 4522201
5307205 4561247
5425731 4765855
3192277 5882556
2903837 2913978
5707439 1811563
5057806 3646241
3360331 4271164
1892170 4477242
1400203 4408493
4747168 611266
2661605 5993501
5261311 2351267
4310525 4575471
1641188 5373104
2314115 459649
1212603 2336427
21635 3028347
4871274 5080971
1500863 2951455
3377305 1736936
1570176 4511133
205370 4226087
6081730 3254126
613955 6054609
3678716 5593191
4744426 4926893
4687923 1574858
217511 6075364
5647861 3257208
6070930 2471766
1483298 73465
752793 2649947
1776938 4199469
4190164 1281971
5225769 985007
521077 1753270
3938385 1536135
4552347 1707584
4680134 5278135
708394 2747791
3310179 3780572
4855100 5762689
5120514 1619437
2164196 5918354
4886539 1954919
4532849 2889084
1948951 364115
3697496 5014635
4475308 4099466
1765245 2040980
2128540 3446654
2186174 3849227
3942027 2100798
1753921 3058569
5315573 5257946
2439658 3658643
4259125 2016324
1198753 3618634
5531766 6052783
4457081 524572
1094466 4685836
1848812 2992537
1002721 1552764
4850431 5848459
5258837 5814000
2625271 3682878
3894193 3667918
1147030 3108767
4293775 629938
4997825 1584908
247119 3949969
5084432 5316888
5310547 3744067
2114900 5390053
715878 1161214
3197075 4856073
4058516 70356
698854 3621178
1180489 4531199
6201623 3987334
1656579 2738186
1964218 5586069
1846959 5021340
4328102 823021
4772878 1204080
4112636 4833464
1953222 3383937
1995200 144959
700193 2135745
4041687 2534128
3519161 1473753
3046639 694732
5252263 1908133
4548007 5734948
3774070 4520646
3252751 5541293
2668079 2261634
1075822 401685
4729016 3874545
1277272 2527650
2803410 5444662
2335971 1153111
1706065 3362266
1150222 2594343
1813432 3906574
4941212 2252193
5767080 1330383
4888530 4771532
1666930 3933220
3561487 1650456
4550622 2734395
2124397 5401934
2734633 4603556
4026562 351899
2467927 3558857
2150550 327442
520922 3789173
2413747 3651468
1781100 1689913
6256813 1114015
5375431 5150328
4547556 2270431
1669524 1941719
2285261 6252841
2758679 316075
2707308 2448715
2954092 2260099
1763289 2699469
6185251 3108544
2584955 5792924
1142316 5193545
4162129 3104880
5884766 3455414
5968387 4687311
6250288 6148135
4281749 1024369
2107038 5928968
2422528 1581742
4103961 2617213
3860431 5618951
2600444 2545473
3988726 2049962
2576559 4557146
5181469 2391369
515339 3278593
4749592 5640464
1872337 1116651
4008194 345673
465629 3316088
1221137 123690
5725274 2053091
4284165 3246899
3581288 3866045
3654687 2227434
515590 26523
5875803 1737338
1862587 1974663
5668689 4186331
4452250 4821422
1692041 1062973
2672776 4102835
1971874 1806871
4555116 1284044
4520451 5978373
3565474 220739
4633820 4778790
1120907 2045979
53921 4978855
1514763 5953328
6031390 1300731
3759632 4360430
4808215 3321975
2459174 5464627
4337940 4602745
956949 4870175
3312777 546086
6134350 1667362
1943193 2167790
4632499 3059968
793084 1291091
3022684 2390377
3724675 4450704
4809729 5149839
2609616 1197773
4179955 5931889
4426069 3542600
5458351 709146
861945 1947281
5348330 3599653
2326836 918788
2878673 3455658
938913 3732018
5692602 5013877
681183 849193
1523998 2307801
5050307 3415334
3750954 3190807
1918608 2109132
2176938 5501857
6037453 3975893
5602422 2387837
1311056 198864
3704136 197828
82033 2607010
1759007 5858564
4521750 3123057
2542007 593753
1512609 1200418
2025840 902729
6183485 146818
1677668 5598251
4037262 382905
1489888 43860
5808152 3423285
1434305 3891659
4527008 3678645
922957 4393394
2742804 3142062
3244869 1824694
5083350 2955372
3695113 4758639
1362752 5421478
6125360 292908
5914640 5732198
2838609 1222127
3788661 5427837
3684341 3497469
4708004 3194974
3386568 6254591
3349301 5701978
344311 2199053
183534 3095365
2044999 52536
5724373 4101073
3845947 1032670
4279515 3309774
5382505 3784182
3451457 3743883
3080634 778016
3745697 2182215
989764 4395901
2878986 2961114
6123185 2766682
2469115 3060927
745111 597835
488132 2866440
1699832 4560348
2777395 5201671
3754188 4394734
456306 567866
4416273 1456815
4609275 2396551
491198 1735181
453082 2981572
979880 3312678
5403414 5049469
5730178 4118363
2608981 2302029
5632120 3966208
6185458 2484899
5086395 3105028
4313980 263154
1679585 883149
4713756 2543452
71990 687235
3017310 3373379
4286256 4470655
5183076 495479
4093936 1316299
724306 3328830
786061 5997453
2431310 5444748
5302280 3047962
3731488 3407803
4838044 2732938
5286861 4002280
559973 2054283
4739818 1840820
4518409 2924527
4068364 4006885
5146376 1652266
5983442 2047421
4940597 1571818
5438695 5693310
1456215 1395838
4797862 2574403
1689494 5400987
5649188 3176579
591137 2938290
3964434 5552275
5678695 5280867
3582369 3577582
4770363 4136634
901817 5000825
5587912 4722246
383186 6212655
101242 2589853
3946984 5969089
3315800 59557
3473289 4889007
1442942 3346992
2585525 2615482
2969218 3776160
3606824 52173
4947395 5754251
2101853 3180572
1642150 1963147
913224 3581095
1046152 2928274
3473747 5393682
2562897 1363701
2705278 3116481
4687143 2040702
590903 4216460
2669102 961207
5974593 4473236
1333389 544969
2322245 5785127
5134995 3129592
1767386 3061304
1268997 4122930
5024546 5745889
2840621 3993722
5173088 1141265
3079301 3955563
5280234 895241
5556170 985761
4994000 3940237
6239538 5624840
3339233 3830358
5659814 305593
3801432 3657149
1144804 4542064
4625394 929296
2957773 4797762
6130604 3875490
2209838 2619915
5216258 2638121
5127490 2494254
1262621 4220510
5849479 2525930
3629246 5174972
2988666 1761624
3690918 2547819
4914497 1567301
247695 1493293
2432185 1016500
988818 6205802
5884770 4516520
2125817 3453372
4498499 2087481
4706952 331044
883116 6216845
4976036 35592
3766448 1817199
5408061 4991910
660940 4071346
2154127 959750
5933865 1020797
8014 2448694
4545910 3516681
4076872 3231566
3936034 4179272
4848831 2504828
5678587 4783238
2955656 1497329
2851214 5531261
996232 670715
2456311 4954126
364689 6133204
2142258 3321170
4607035 1840419
4124017 5179153
4680659 5204652
3960922 3417889
1116726 3242324
3309465 2411603
4183260 4879550
4547761 1074878
2576163 3871354
4143919 6159439
2561380 3175517
1382253 5487657
1722220 4076707
4903333 377856
1900853 4041301
4031536 383155
3728294 2406345
1492273 3062900
1036737 615731
3592129 5393229
659989 5861744
2799018 391193
2670474 643015
2620777 2355376
2024345 5149333
968723 708710
201476 2527562
1861207 4121743
2715477 3011327
2326306 293744
5864440 559968
4799887 3203180
1488116 186366
3952625 3616731
478175 4962589
2905905 1554605
4646339 1944605
3010268 4466791
665300 3553470
692600 1331604
1836415 2355265
5775055 2507339
2108785 3038185
1060102 5403066
6044022 1341036
4738266 5610501
3190469 2886646
3979076 5360593
2934193 4337360
643027 1088390
785559 4918011
1051824 2812425
710756 4949098
375261 2234371
3014613 2246268
4062432 3228370
3287662 5545673
1744669 4682825
3251325 1791305
595866 789282
1310865 1009791
2937764 3937999
4464025 2234829
3728501 4480805
821914 1717442
4212228 2242204
1266681 1523380
6225307 4865391
136950 1693975
5827023 4209425
5027116 1913224
5209576 5945790
3355202 1285281
3604334 5956845
4964989 3902803
1783107 1085337
1722716 5238627
4621795 1072706
6068343 3472602
5056248 6225345
2865052 6175455
5708219 1991536
1076147 3300752
3222375 5471370
2790259 3835816
2289495 2590599
3213291 2226616
4041664 633974
1162566 42586
5323177 4554002
1854327 6133453
3009172 4186814
5985759 4580667
1421173 1626847
1721103 5059066
3870025 6115639
803754 3206570
1294352 4580191
2348043 3419349
391885 3702896
5145757 656811
5312518 1494608
3100759 4057202
6187662 4645694
4078049 6012950
186091 3629460
1825110 4623014
1869193 2006639
4466747 83219
296923 712496
660297 7625
862662 5957253
2469904 5013279
3282388 2840940
926327 4509307
1187115 2808388
3718650 2273879
3990052 1565826
2867095 4490283
862523 5381044
3124785 2844505
6005253 3940598
169357 1916183
4774292 4643380
2170676 3198096
1064465 5809220
5669772 5861619
5631455 5865202
5959326 1904915
5624759 2984490
4655806 1902027
3308073 4786289
4129667 711125
5338528 4299883
4403643 2399530
4457590 4494084
5215127 211834
5119133 2774411
1208462 1899480
1726211 1080356
3239399 6101643
2942854 6077775
428684 2936947
2997319 4031979
1807090 4721754
4455030 4980724
2364033 4038279
2103198 212023
5427378 4878351
4050256 3981294
419074 3020544
5635716 3563164
6180703 1935825
1575392 4645837
339615 5472712
4153160 2760916
4589566 5666640
4573403 1866354
5274753 4809826
2658845 3846188
5837978 3999664
427589 351107
1332930 143756
755384 19426
530233 2941885
1947879 3476053
998871 1892695
3397135 879880
2350083 1639284
5797243 4646706
3160883 4158644
778466 6192215
1329943 45393
4189451 3527015
3833401 1412564
4339023 6000337
4016372 2571660
5083380 1668293
4224419 1317527
5610009 4299659
905306 6065675
5878659 5359275
980782 4934446
4730840 5314871
2038373 4490149
5492413 4971578
5364552 3052961
2062148 28361
2569692 423553
3521970 4526239
4899386 5590150
5446663 6031003
3780642 718892
271619 827382
1864547 2175381
5913946 330244
5975976 2206404
3948571 5870576
644357 45725
2791089 2487516
2209881 2550637
4098663 1483721
2756483 1524654
688716 5038050
5371580 6175006
4259239 2760957
5252760 6075407
4388639 1788451
4542702 538540
2263815 1622954
4104921 3239178
2818468 3271737
3796737 1799658
5725920 5800593
3190582 5672192
3023480 5143353
5488149 3361039
4614297 3861781
50960 1004086
6189083 2643574
2172791 4686372
5120808 4946893
1984018 211053
414380 4934493
1120319 3516306
1382718 208684
3299118 2366218
4075305 3298098
4414669 420412
1094446 4090579
3345063 2178377
389858 1526912
5594331 2148126
192917 1844379
1004614 4565366
4321559 546987
4928251 5831346
1195290 1414122
5659233 2217218
1672612 1054112
781467 150817
3925091 836084
2761877 713051
1585247 2114262
6084562 4122651
1145951 3906488
4813337 5327865
2159825 5472120
1775733 346144
3575997 4876597
3214919 3020570
3704075 2401686
5646908 5417790
1171790 31347
6070967 1637250
4195380 2069806
4748763 1235808
3363486 4813215
2307945 5679226
130425 4505634
2335161 2563806
1552367 4908486
5521238 4947254
4150550 1280313
4612061 3441360
3829280 1256020
2931031 3836568
5144846 257044
2215498 2378179
132734 1737888
3451009 1608675
3413826 1168902
3773385 4221846
6086335 3743668
4565182 3906715
2688590 1632199
6180700 5057271
1397676 15316
521408 97563
1332966 5599009
2600319 564867
550345 4158024
2375365 369979
2307932 1617158
597216 82757
5239617 1366099
6152022 2462966
1807160 3758894
99201 3359233
4843928 3128575
326270 1730201
3398475 3386365
1615668 767943
435357 2860576
476284 3523087
1461748 4996707
5252516 3430874
6064699 1214570
2913911 1611402
4645701 6234839
5326669 826386
618951 5979975
1687239 4934978
4079285 3105417
550156 1083191
6019999 3274383
2357032 3333367
722807 942513
2299153 4903128
3251743 269015
2897184 5954229
2212179 611952
4080094 5229168
4963570 840484
1282419 4472639
215347 2427439
4031094 508199
2928299 1532613
286547 2472534
5095951 1708574
4064924 649448
466756 2116580
2676100 3939849
143761 5036489
5172314 48196
4792532 782818
1531966 4666056
5393244 3141869
3515213 5496394
1566619 1853656
4650734 988290
2835038 5642552
1874307 1864825
2447277 4790762
4935530 3130799
5076991 6068101
1000531 4022285
504792 227183
1309991 5365902
1624822 2916822
2625050 3565737
2361301 2849952
2709174 745926
5052203 2273973
1352780 5374024
770267 4670210
1420440 3065940
1439154 1758989
5352658 308746
997673 5229681
5239844 2046579
5737671 2595987
3814439 3275478
2474040 4668588
4816875 554708
2691259 1761685
2771380 5555706
1912416 5565631
5914501 857229
3049039 4389735
2308966 107594
4747970 2413988
4086170 3279934
6241848 2810850
3364948 5691318
1713032 1717197
4069624 5712937
5686531 5154167
1755815 5295999
4305603 3386352
4145186 2164954
295606 2278722
4421438 5971263
5630948 3313833
4933619 4608654
203431 2644245
4965723 1029975
698607 2160640
979426 513922
2416612 2972432
5493144 6108032
232645 856599
1361738 1195712
3055130 20394
3971612 4130022
5063808 6182531
1874049 2049338
6145371 2668553
883125 3766261
6044708 2080501
48913 5629156
3031255 691976
3386823 1556156
2962043 4756493
5532452 226555
2955754 2783608
4561118 59868
3241406 2527099
924436 2555522
2545152 5577397
384164 3824950
2557283 5922498
5973771 5025165
3504945 605602
3507823 3020649
6166035 5147402
876022 9448
146831 6220812
1058083 565106
5498045 1942409
243736 462277
3312067 4599633
2023954 2193581
1323886 3226208
123102 609848
5341384 5210969
2200019 2001909
4946507 1473610
3132130 3862381
4417183 1301481
111934 633544
4357572 1191303
6028452 5671540
688729 127163
4000995 978375
2781549 5653729
1402010 396564
3600395 3857380
4805747 4505662
4573035 3407171
6120304 3195385
1095380 5485566
3302210 222880
215344 5687733
6044321 888890
3940408 5201475
5741389 4926372
5746314 5190613
1281941 3189387
4013332 5533225
4650690 2269344
128907 2001883
6149220 3244123
4697737 1962667
4420666 1784413
392644 2902684
3289804 3860688
1701637 4922569
1987334 3433138
1926146 4722269
421686 1027980
2683546 4564305
640088 5011220
3253538 1255145
2307179 3467618
5584369 4541107
761714 1915312
3977130 267276
1688195 2088575
2788072 2238436
1299138 2680314
6096048 2517081
216815 4875505
5679814 4851837
4671223 849563
3240448 1235713
2210739 1882146
395222 4922452
1717828 5183652
6125403 5486424
3603185 3475884
2014811 3945573
755714 3672757
4083191 3504779
1089197 875194
4500178 1680872
2916888 2555633
757786 1930861
4162459 3973044
1122835 4449568
3718624 4014886
5994228 2827707
4119781 2950956
4215370 5174925
888524 4254530
2707309 6125779
4004266 1937866
813326 483805
4806723 4661778
33312 3108056
3419145 691997
1663471 687622
3525946 5437695
2968583 3259300
4665174 4892281
5156391 1745279
2695897 2085725
2420265 1266287
4050383 5147798
4865215 2104916
4526423 2679176
2128944 5349323
755185 5140819
5377773 5198313
4485776 5082930
5267352 1383118
1892531 4567475
5259242 4782087
5929785 3407680
2245235 4263962
5703536 5078407
436526 6166067
4273323 6260785
2502370 4263756
1919126 5115760
385616 4168343
2000058 1100313
4700152 2230939
3932965 5987557
3755564 2011734
3422834 2200065
4390314 4118360
3204377 2914159
6140345 895557
3977840 790185
3944799 6248398
3426492 1475575
2587746 2852281
3937825 4572626
5378480 3866365
1884468 2329528
5335630 5107263
1079381 1599243
5317704 4665090
68088 2843993
914164 4651585
2507722 6027130
327440 2121170
635339 1518704
5610662 5618700
4137022 5328055
3156587 2922529
3439674 826104
2028526 1325248
5652696 1091139
912234 112190
1579468 957310
1059613 5916860
3450552 2919410
2064879 4399122
692555 2057557
4060131 4515289
4686213 605420
1353883 6125143
5433943 2289221
3962575 959015
1660006 6104924
5876332 1314539
1264562 4867981
1477479 402162
4925786 5958621
2572874 3704905
3105674 6003762
3498605 5595729
679007 4977180
5781872 3874396
2065165 1733816
2991115 739680
2105106 950680
4626754 2004643
5244935 1455153
3826649 3018195
5103442 6122364
6057534 5603323
5088366 3775633
1056111 612455
4511947 3096131
6086535 557954
140338 2175465
760041 2663301
5309905 3698157
1764093 5512585
556128 2330606
2648183 4085727
5603318 4580473
2909126 4782562
3807429 5387790
5287782 5324938
2701761 5133769
1240157 3325129
5484575 6135820
5218717 4652525
3293202 527823
5137536 278645
5936375 719010
2945134 2620727
1222702 5208659
1189011 1141479
5580431 513684
3266747 3679889
4178760 207493
4797723 5734248
2716196 2108855
