844111
2238179
519309
1440361
1926183
1357046
1836896
310393
1377720
1029120
1034922
1483176
1595874
1654262
1051956
2338808
530693
1012539
774670
1437500
420468
230539
2313817
1063777
427497
808028
297047
144322
1103343
441262
955420
1198335
1736283
1581998
1062463
829032
944463
600693
1303875
1281211
791155
1265149
1689406
817930
1409786
1180302
858970
1383610
1785945
399857
1122261
914718
383449
1278702
1151141
1043443
1416378
1081714
455235
2032056
1361649
634211
548855
1535028
958015
1503585
333661
203551
1300444
723448
1792751
145916
1105196
676999
701532
509233
1631301
1461638
746376
1260210
1628505
839583
1049303
1063798
1297608
1391039
1016138
417465
836052
2004272
581188
636580
1528668
1017081
242195
1003067
1146712
1339488
1460169
1485391
992207
1248578
531364
554074
286726
1825971
1851587
1473703
1486178
1655424
1550296
547286
557493
1434270
1358370
1396688
2279958
1277277
882929
436056
741942
707993
1766064
335460
2425562
1687934
1496371
1268252
1191632
2005709
1696745
489873
1850612
637703
789595
1074675
1413531
1460818
385829
1623985
206868
1004386
1773020
786403
466839
2174315
1744791
353441
1208087
2238012
103061
905898
1787866
438101
782965
715342
1576445
917637
2014045
1833070
1211519
1485694
604218
1770479
2430530
857897
1047628
1814941
1161209
1259233
613070
1868728
1351498
1606992
1672655
864733
1445262
579563
1466924
783850
1168662
1440023
685026
732115
597171
1555433
591560
2307497
1813715
1248634
270234
1132937
1942386
2458954
914880
1818536
2308862
1346292
1951485
420870
1142212
74050
104233
1615508
2150991
2133068
888697
1762603
730384
1342581
775737
818856
1258836
1095615
1433080
1775537
685130
490705
1379646
811291
1478878
1677615
601049
1653475
781323
1587528
1820127
453842
799414
852178
582063
921892
995607
1638821
460658
1192171
1136435
359514
1590157
953756
459381
891071
750495
658277
814974
1486030
217894
664135
655608
1036085
1206026
1516284
284566
1715744
1510054
971768
938983
1405841
787561
460487
1252046
1013849
1899858
1365363
444241
738377
1972116
71372
459263
934215
1274953
1450307
1084027
325667
2021930
479866
1686224
227053
1736272
132528
828002
1055744
348006
1895204
270132
1277021
725644
1522364
1839779
379581
1624470
625351
435730
1444476
1534402
1579151
1223879
1361710
1364657
1724112
1497974
865570
61454
2005880
398026
623911
912559
312729
131664
1207562
1490006
338846
895798
1083165
948943
700249
2242915
585598
720427
178713
275324
1038406
968167
101738
1103961
495807
1101366
149596
528435
1362560
2380387
573692
1567253
550934
1041622
621645
1076027
653393
612088
934093
1456994
1496527
1843750
455887
944306
1545115
1089579
132826
1216330
1108553
1732571
36241
581205
403397
1755217
584396
1102303
357658
1249490
37162
1707172
295237
1704933
922952
1780417
1348487
1463730
1920642
1578303
1330329
205668
386281
1477783
1489184
840963
781184
1595694
652498
1521806
951252
281203
885240
1359007
1160249
74620
1686191
1721681
178664
1011529
103789
1432657
446904
1386440
2201422
1940728
1463298
1959089
631484
95108
810894
1332411
1322285
1483271
815751
739435
251050
898966
1053670
1080312
297141
166373
493451
695109
963206
2013340
1147532
1167466
1352231
1264773
622872
1259317
989227
1393140
346212
672512
1029890
1812336
328214
826666
1676011
1630244
2251732
1430372
748728
1744994
1504248
722885
295862
1054255
1458829
2143670
938278
1506726
1690195
1586263
1202066
760931
1473738
573201
380894
820195
187232
343268
1461072
1194588
1771348
611490
1345876
442544
59648
644792
1704034
247799
1182769
144844
54199
1407024
1586175
1663189
616530
803081
1556731
818431
418833
944300
954285
1087998
1179518
1711001
1045840
552113
701108
1239815
1126767
1822521
1750598
611743
1310562
1302438
1938934
1434261
391433
476538
448056
360806
907037
1365169
811349
942849
1448870
1787160
122370
261607
1674857
1268972
672428
1098447
486967
858359
1203714
803376
1593280
1010489
1255140
1762296
1212916
2042724
1435323
1837063
1666077
693849
1787291
1152123
1286756
2027855
519890
309635
450069
189477
972426
939006
659763
766635
936973
983850
1597920
1268308
1262591
1403758
541419
353970
234763
1652510
234525
1264471
658441
754264
583854
1590541
1466338
1260089
878285
1208731
1465876
1324838
1783618
424004
1120550
1389767
1835476
293944
688054
788377
80747
633869
882787
1307737
1697821
230017
1577913
1489082
938968
1712915
1780284
173888
1714365
1573244
906203
1654852
1699893
974526
642240
1023517
1427634
614808
235896
1069469
1581158
1052369
2003326
883811
205494
1397285
1387336
2364506
1552881
1272226
1135572
1436496
1686517
954408
1721061
271180
886242
1719929
1189397
538577
1691805
1482220
2086573
730097
648085
733964
2295348
1466791
386238
104581
1754293
388037
1002584
622837
1596581
361682
1179279
927175
1131814
1195334
1011163
344696
1746903
1638893
1408877
1490289
1287867
1617915
485312
89795
615949
795895
1831710
244838
1892567
1157852
658348
940894
1559023
580714
642518
2237866
1236280
1062269
2169640
1128049
1793779
1416382
553620
1631430
1669930
1248320
371845
1978262
2030500
1768430
1041327
2239088
381936
775356
1876685
819870
790911
1732383
336355
1173863
1816871
1007918
437203
1978482
1303696
914562
1408191
1116489
1654248
119904
475962
731929
1055946
1186159
1232422
1676497
1608459
1320124
2314372
622880
231575
684727
1201467
772330
334354
825871
549274
330820
1602635
510035
1305297
1855263
729463
1295048
2409625
536981
787858
1344284
617487
304348
1331028
1755135
745644
481302
973109
1627476
896155
754901
1942223
813452
1314746
123964
1954148
443354
1890278
1254134
1481749
586122
1884223
2136582
1180661
521555
1564414
1802763
559273
380474
1003991
1862873
1837361
1510255
1518977
1120561
345866
1270173
1367711
832562
535020
1624441
296126
1420924
1000401
723270
2250081
951931
1693101
743229
825932
372625
503600
683897
1069884
2038569
1338259
476786
1436347
1167813
1990098
304093
945694
1746988
1883607
876809
1199527
921067
2052348
151352
1519286
2081656
619856
1719483
410225
2163769
339958
1208630
1925880
1010276
768958
189856
691176
1518899
435776
574474
1355460
1354396
1339274
697398
1151038
1803632
1484585
1159878
919948
660925
1798533
1742819
206922
1766758
719752
69545
804787
680146
391386
65987
1626212
458672
1337383
349505
532704
1245380
2152917
1899553
1316992
1157621
1569805
108592
457918
1470496
1325071
1449862
709023
1319615
1204120
2070578
899410
2056175
1891555
1112228
972907
121705
1484036
709996
129109
551273
775855
368351
607780
1074272
166105
663334
334531
162602
1541211
498509
1513019
86202
1551331
1101407
410225
597399
640480
980768
1608057
1569513
2128908
936435
116435
977884
1363761
1286285
507121
1422017
1112585
466532
1536598
1377089
453065
1202238
828254
1407107
505409
1490036
1851417
833273
696720
1157133
467387
121073
1685306
182800
1584659
1298104
1716126
679077
1209516
49604
1264474
1990900
1062736
467920
1221084
1207475
1802365
668791
645511
1428750
1269026
736151
1082716
1191070
1090587
700921
1100266
817079
1766040
472585
1695845
1500753
750186
1407713
436503
1106900
1485649
1278786
650876
1393087
1463515
1686133
546400
1811598
1399240
980902
1126724
1342356
1128066
836357
2319480
1158935
738686
1250674
926812
1624061
1718086
1396014
937509
226127
633538
985050
1163925
1653796
735666
575919
1797865
556360
1630382
1174154
586056
857512
1117245
326121
1176499
779515
2142821
1489462
2209936
1358272
1420466
612118
58682
1066859
286649
1969894
1101472
1745700
1097585
725781
1244144
1055838
1156638
1059434
1616858
1515903
1683786
419577
1321347
757526
1431187
1744168
1527496
1988957
1770141
1387577
225991
769272
1066372
389540
519150
1052421
1253203
