310871
6777827
2724327
1487883
4540550
9597893
1488957
7429710
4079532
6671112
6743690
3239305
3056744
3715923
1418588
7291497
6031590
7717317
2295970
3472281
3056877
5376979
7970515
2555934
2130729
9301492
5485149
4963388
3077042
8869855
1980127
6124316
1436420
5103462
1539657
6378930
8221826
7767517
7608528
7468505
4975243
10661804
5841566
5708608
5735023
3275027
6624380
3903914
6644427
9323318
3663398
1307195
4586296
6771588
1322738
5722814
3570275
1317412
8116342
519526
2614414
2178795
226399
3997532
3008944
6428249
5971749
5252074
522326
13807
1472721
9472502
6640349
4165696
1804483
1141323
9587950
3318086
545846
2524384
2509452
8952030
2581899
9680966
8184328
6302270
11241988
10317745
10015015
1304227
9354924
3822214
985830
3553910
4648638
8138498
908894
4004017
2525272
8330995
4087299
7543827
1163123
1152933
3653794
5725963
2971449
1270934
5032210
5964048
4475032
4145767
5820048
9354518
1661996
7534913
6275441
7405871
5514820
2024508
4796367
6796237
1836343
2699007
3538036
4607736
205640
2700628
1551316
9136375
2888169
6832506
2708823
2727262
5497937
9455472
6985481
9589487
9530555
6037847
3119661
2322422
8278711
8741232
6108963
6486531
2189139
5486962
1099388
4824977
8092226
2627238
2675475
4354855
617983
77286
13052746
2135461
3342504
4622307
6099821
2680428
670994
6785591
3112677
1225176
6692840
5265230
2461143
3103539
8847765
3087401
8320613
6382655
2004769
8736132
2564544
3895407
2486757
2641487
5384773
3434350
6961060
3475851
10243540
3196169
6323140
13241227
3516440
10067930
8055629
9987671
3933903
7547359
556465
1211843
4934662
10679236
4131519
1569023
4868772
539241
2594357
3149182
5420588
3570637
4650715
1811499
2148762
3212275
5235287
12432778
1699047
6744439
1783776
9411063
8681929
9709960
8232320
4294961
1626313
9420178
7550753
5564709
5325446
8277727
75358
11001246
6587752
6883738
2807974
5862791
8062293
3637154
7356462
9707679
4437583
7151268
6263997
2778527
6836611
5897603
10137653
4882891
8509090
401140
3878202
6369973
8322954
11774518
5750544
8458220
2469471
5052894
10526555
3652733
2302399
7410003
8699918
10932701
7086455
6462051
202778
2278266
10675908
4028789
3308622
82269
1710457
8138480
4442451
6549700
11089962
2427832
6572887
10155498
3413725
8635417
4548985
6842581
6750950
3267760
8106004
2278714
5741404
2724357
7634476
10796913
7828678
8913106
6602936
3189890
7842315
7620995
10178885
5065601
6265328
2171158
7898241
7431019
1655028
3044120
4601433
1456528
2661297
1191213
6117713
3297993
3830155
9519211
2713510
2252149
6770030
5180753
461432
1797885
3426529
5533217
1677177
6836514
5779939
1224751
3203595
5268311
7351145
6895358
8465176
2391150
5582512
1787944
6128455
7272400
1680391
6803830
3893920
2791832
3193021
9378394
10820238
5744554
3637260
6277142
6631974
3522605
8145136
7749643
4760985
7148408
2232255
9584940
931029
7172317
4866138
2855821
10069276
5386962
934151
3439203
2755971
3286772
838849
8598642
6215448
11138530
7001093
3051909
2765354
1874519
6220766
7906579
4014795
3587759
787554
5793690
2436292
6305981
6041430
4719493
5906793
1348629
5563119
197360
4232796
6167254
3816694
7683008
742176
3752843
10834149
1946759
2450248
3827208
8582084
3713880
2402292
4797018
3571078
235511
8478991
3269586
6836570
7780513
6974590
6959174
5012616
4921386
2637980
1852279
3126671
4831929
3736966
3622522
3212630
6228890
2821943
9507229
5218916
1636624
1040701
7444687
7955956
4024069
6847609
12684282
10530863
3860195
5159910
6188823
4268365
5495246
4202960
158735
7781365
4600713
9379058
6977002
6137346
3921224
1919458
4947708
2210348
8029306
9565642
2896150
8750643
4343128
5713574
3233781
3388964
3680449
882192
3468608
2721934
5379003
6325543
6124011
7008482
4088494
9629190
2587396
2277670
2862643
3925619
6651528
7784487
9605526
6975434
3642286
2594798
4700733
3308654
560412
2483052
1667260
4529076
9412478
5636428
7703239
8368628
2680421
1553643
6716149
7178777
4055999
5659160
8313342
2396811
3983404
9127852
1715416
8596082
4543853
8842046
3152719
2377867
4389763
5792961
4134847
729009
10385293
5680324
1829955
746195
4821256
2595771
6647190
9244280
3816222
8299231
2457787
1559873
82847
7491252
4715196
7860882
4258171
259995
5134076
3010145
8507973
5722215
5272656
4347337
3467982
1978904
3240874
1627751
7356263
8868423
8917162
7057458
1887494
7824638
2505516
4701662
7850594
1639595
6984779
6561748
849994
697820
8306459
5456705
2757906
378836
4320221
7493715
9394679
5575333
10212959
6786403
3228026
232152
4014830
3351369
6791297
4145688
659981
5117333
3045064
6318464
5843279
9264926
1567506
7778513
3323987
1895807
3094906
964178
7285259
6453762
2398525
1125958
6346938
6521422
812976
5375612
3669618
4154896
3405157
11853348
6775945
6127787
8279111
8114829
2325909
9826082
9195315
2736944
3109910
5853280
7397321
4703887
6731076
5795385
8670764
4489056
6636873
9699519
5796014
873047
6759563
9729801
1070446
6961497
8433543
7814516
4874309
3874931
7686981
7742145
463052
4144769
3348074
12042684
5788756
2332289
7143843
3189968
6331900
1755220
497298
2800228
6512050
3034787
6177657
3588419
4522352
5789276
6137799
8158943
4676524
2060617
1495254
10748216
3630446
5479173
1378918
2173127
5465648
2373759
10080852
5755306
5494909
6313903
7335653
5296157
7765825
7602479
549571
5602694
7157526
4406006
4005934
3699947
5467254
3881322
1307595
1298175
3307024
2795576
2313888
4701251
11475613
9649720
6499194
5416493
2551318
6190498
5770587
7992227
5946490
1636508
5272712
4815442
3814725
4335490
3933571
3036003
4391302
986726
5950423
2160364
6185631
4615673
5495795
8136253
7602259
931550
4106740
2964751
9434680
2688980
7173635
6231659
3506862
8588514
3313903
2161364
1126228
7419406
7476724
8267374
3579361
10024655
8955187
10423234
657535
9909530
3171182
5836568
3665585
5325397
935917
6398850
1431377
7675058
3411067
2954275
1799776
8647936
10040741
3904123
2308755
7620812
7745434
5130310
7971885
1586805
2407365
5705017
5583048
2534987
1137796
2637571
1928290
4457817
8060364
4500803
6339433
7566230
5353160
10346766
6448048
6713424
588791
3226570
8870812
9525227
7611943
9273918
2841170
4330804
8520697
796945
1321583
7624117
2642723
6920221
1744069
6565383
9043214
6481495
10181438
4971926
6716193
7742482
4304240
1664555
6178779
7651177
5219334
846485
8003483
8625345
2461113
658818
6302588
2109092
9365634
3909845
6829008
5051492
2617257
5583873
2259009
7595367
5786021
7916045
8870963
5715823
668937
779021
5310376
5626548
1777771
7106461
1363294
4942421
9392633
8843095
8367199
2616534
2793869
1673779
9982791
9410271
3227524
3223931
9995634
4224139
863834
6712786
6316698
1142272
4687231
469581
8285526
2844276
6256445
8618601
3259002
8972083
8292822
5906029
1463341
3596794
5784075
9525614
4811880
8290760
5882222
8805051
8648979
2881754
1897089
2261571
11233264
2007726
8158211
2981078
2325161
6293153
2177789
5884105
9447333
8290160
7656878
2596682
3396903
9809951
6024532
9078642
7289000
2260616
7950445
7645686
4845689
4661513
5527084
5983024
809796
12016864
2789243
5222112
8536673
2009561
5256691
8635630
2522858
7705982
1371908
185400
3855040
5496387
3307302
6639603
5408081
7208230
2158831
5870734
5898798
2437349
4223348
5055219
6851808
4911183
5260933
3088149
5490523
8911397
3243641
4596525
7458205
10418558
8459633
9281290
5705127
1252388
4297120
4792946
8012587
9351453
3246231
4923073
6846703
979098
10846038
1639016
6738238
10074894
2786671
5957934
1153580
2138347
6801760
6879843
8048147
4693259
7987848
852852
6973187
6644705
2509086
5061515
1571863
9249016
1464613
4572334
1725536
8446926
3659120
6597109
9516654
8423125
437790
2590598
4758163
2919786
5382828
488486
2889089
9349602
4477473
12135934
1570159
5785916
1422567
9360601
5230537
6131946
251169
6334281
1014822
5028631
1395518
7140206
1761514
6320484
1809797
6888416
14142865
2827500
6673039
5510168
6320598
9154442
1047316
648980
7638147
8954195
605042
3611190
5126011
2623321
2138080
4046157
805541
11551817
8674688
3526573
3556714
7796496
7631693
1564638
7908199
9341000
6079309
1170703
3715220
1589826
3189241
8098232
8963441
4973202
4709993
4825773
11657315
5748009
2984112
