1328217
2560946
149458
1348904
2497902
855338
1209513
3014129
5749587
651243
1135324
981759
2167054
5296647
950673
3295512
5384109
1382213
236306
952436
5991876
2618332
2309524
2655069
1622047
710432
1956494
2728046
4943015
6559597
2383600
5571583
995409
1753899
746090
2405706
5018469
2796625
2081827
4634747
2740068
4153844
2300360
1637473
2170754
5992438
5406013
1614783
5192688
1350860
3630755
818520
376892
5487117
4780186
2921772
1939124
4548673
4469323
1846181
1340225
1260687
2405413
1845269
4459251
2456554
2504844
1174089
3708643
5241991
1498499
3961233
714316
1265338
1832786
2353452
1065940
1853337
890545
3501247
4345901
2707247
5355567
3543211
2517802
3034460
1752338
1794912
2434640
4882704
3551972
2148847
2742662
4143383
331935
1339747
1560728
724967
2022355
1048655
212875
4613239
518990
1769117
729321
254313
2240797
3188982
7537405
4296992
1871223
1588255
2371762
1319672
2894301
1054044
2422100
1722979
1145484
1496948
2025575
2893773
3857581
3828613
4978856
4010739
735144
3183070
3048149
2040270
53801
3600100
3338043
835651
4142035
1327265
766600
2845425
3855222
1345161
631734
2606393
602783
2472726
1994392
3285665
601612
2840051
2911984
1199483
581527
2173868
2217197
2099062
975743
1231259
2140384
1506702
1698074
3885484
1857485
1399993
2426697
1066444
2331564
2844716
4704719
1410508
2345333
2282536
2020813
2668343
3847671
828754
3088670
2783784
1122798
4959460
2644231
4660696
3697599
1204354
336110
798777
6238003
4422782
3049285
5475563
3532546
306931
1514076
953331
2119552
4678971
2168702
4804309
5268134
1410202
401335
2154271
3806135
3418534
5266410
3637466
4646161
1831943
2725311
1831642
943679
1368686
6576385
2797878
5593914
1142576
4001409
4739212
2413048
1828843
3079025
1907010
2377212
1853399
4218411
214461
3951693
1004002
2369624
298771
3625864
1804574
1012130
4776605
315988
2268379
2442863
1073537
3746829
1126398
3839589
4312026
2430371
476212
4928597
1477660
4573628
1584940
845900
6751423
1454889
1178171
3299346
1213856
1071617
3384250
4309388
893292
706016
2861066
4619120
1832388
4707750
1254561
307395
4016072
2548284
2616086
4484511
712664
2607794
2840912
1841793
2968883
773538
4731253
3358364
1934802
3384816
887060
626720
1932260
3117015
2886605
1906108
3860990
922368
1965634
203646
2828151
1399226
2767900
6152546
1692950
4427544
1809828
3484829
3571676
2010098
5507183
6654412
1495710
996026
4942980
1967231
955260
2388372
1563879
3449772
4556954
610718
2555312
2443812
4903082
1573409
295984
5180027
5316270
2514658
2887959
654153
5195532
6069795
1041492
4406561
4163995
2164331
1791308
5180386
1171991
4385045
6623118
1828044
943524
4712832
2934522
3490270
4916072
3885383
2521184
3867065
2499900
6160179
3775220
2827255
2717437
1117143
431876
2437118
4213432
3087919
1958035
2267627
1345717
2884341
3578173
3062241
536582
1119137
3257025
2541071
6844170
1894940
3147118
3300260
1587896
2213201
5363299
4361980
3482096
4613314
4762560
2941785
1012337
2703102
768840
4329627
5317643
2318926
7420355
1914666
7287152
788071
1373015
3434045
4842199
3080828
6573505
4878181
2093054
331178
5180949
794955
937136
3773490
1125480
3916340
5886181
1277509
386164
628253
2763410
2142786
1073358
5297611
4296487
1541425
5708367
3144801
1977511
2788442
2919543
4859118
3557336
5747577
4814477
402813
3023683
398987
5143575
609880
3370616
4387452
1907823
1777080
1325231
1244129
2527483
1184803
2232235
3843892
1160513
3331204
407685
2515874
4008110
2396502
1119364
3619536
2995784
4650437
1184207
4510015
3551852
4845232
6071809
3996867
4006052
2170467
4144453
3418057
1420388
2616090
4979967
3140943
1659168
1697187
2548615
289575
1298631
2926793
1796217
2195892
701490
1567899
2131436
681222
4652690
3679129
4982351
3939957
2350731
1441556
1234876
2736283
2782007
2265923
1388428
3314343
991911
5721901
1055128
2274096
757700
1675938
366409
4855475
5523757
7243086
1305607
4375899
5599353
1362301
601626
2318633
85003
2156038
543922
531944
2515027
2868783
5564296
4048394
1607677
2566365
1011605
4271284
932178
3808467
1957513
3732948
644046
4143740
5059563
6727089
6405382
4076151
3727916
3519508
4483849
3536613
3187139
4697557
2745117
2139032
2560071
3348250
3393178
3609129
1341985
2241187
5068081
1116919
2344449
3542135
2018070
1569231
3623176
4105368
3631186
4306634
3564529
3798382
3693333
4307586
911019
1382128
3317745
4615292
2828048
4728861
2923895
3630195
3509940
1126658
616241
3027689
918302
4117837
3545520
2567210
881690
3979651
2310085
2628302
1242025
2386576
3303067
77825
4847627
1487798
980581
60240
3824939
4710038
1783990
1116750
1165756
1961309
3982376
947745
2236049
4069513
2898128
2354687
946013
3535169
2080654
4759220
107586
5141538
2808648
4011873
3949823
2813228
1217655
4176696
5650516
4531093
2153777
1057962
1828758
3049455
3196193
4677030
2296138
1857913
1986103
5506139
1114581
1941616
1230780
5859124
3039041
1155371
6573304
2267466
2196837
7324181
5753700
2360867
1515908
2605821
944647
5282299
3857879
6566302
3317314
5045763
4818853
3342856
2096103
3964055
3187968
847871
1760964
7111312
4713120
2505055
2432032
1122552
4466934
1315060
1000983
3614571
1726320
883746
2429868
1043629
2993552
5178992
1104295
3526881
3758057
850375
3669535
2110395
1282923
1914168
4276218
4293482
1936841
4089038
1353458
6975444
994487
4273780
2659463
2611529
6892368
508153
3263853
3013867
5477885
5798657
2383706
1757670
2080191
3351104
1101640
3138125
3442160
2714451
2250136
3947418
3725710
2341869
3841933
2203811
1736747
3325203
3958322
2825366
312248
1258150
3783799
5398141
4429604
3804416
731168
389396
3004831
3872550
712871
1752860
2592851
2773025
1839059
1821957
1897549
4414721
441918
2970925
2632579
4378752
3743053
400882
1761697
2484921
682677
3676639
1123069
1916248
3247702
3563469
2962475
3478518
4455502
3801419
1475177
422765
2467065
5298169
4246383
884338
3395069
3661984
1561936
3989209
4267798
4757033
2324598
4495163
6215166
2702349
828631
6048200
2709116
1768661
1582530
2717180
1332081
2117007
6059948
6122594
3240872
1780147
1180786
1492501
2854715
1469762
2479351
1483295
2642992
2385677
2739177
2841209
2455765
1654032
778224
2617732
3175770
1175599
3396837
5107959
3083119
5371606
2200800
3083669
4469767
21555
700124
4146269
1723853
3667198
3557774
2242890
5659350
3733389
1273038
1917189
3085941
3390304
1335807
2681012
2026185
1115667
4066026
2200860
1616162
3656637
428750
2533368
3444280
2598788
4050116
1838101
1520606
1749120
2406668
4170133
2935995
172938
5167813
2424269
2359928
4002945
2187118
5545628
5943976
4834240
2963725
2592288
1559825
2301090
1111360
2246322
240144
1440162
6624403
5419503
2097074
6431386
387539
2764052
1685869
2346046
1071751
5319525
3940056
5822543
1273122
2346085
505874
970333
982423
2400526
2559342
1830113
3500886
3182596
5332150
313815
1802190
2421172
6811398
5961417
1282213
2532305
1457670
4528382
2088304
869059
3197286
5088473
360600
2912791
1446831
3066932
3885157
1025086
4612788
1890643
79688
3593273
1287301
1455510
3443365
1211377
2628509
2525395
332916
2840230
3396707
4049573
3637671
1207537
4266444
1668975
2430691
1659594
4739554
1992603
2919352
3049516
2396590
1983128
5005222
2795179
3925667
3668450
2719142
915890
4551425
2877235
4037185
3459786
3306434
3138269
1523665
3759471
4549865
3344187
2239454
5241315
4074045
3606130
3631884
2996862
5383052
1994704
3756419
2773046
3730844
4318122
4629694
1976844
4478948
4154066
3293454
2402972
4529088
1380227
2611336
1527873
314553
1304649
996713
3785062
3826542
4495913
3168852
2193242
725163
4333605
5432386
3013503
5982176
2660340
1059855
435350
3371154
1649312
1687902
1726258
3338450
4389769
164244
3157718
499431
3814042
3208864
1092783
2380366
3520944
5125234
4006413
3974866
3257595
2503055
1089722
4590397
3867101
5460463
2386946
3453491
2982388
2839897
26767
4422347
625778
2634341
1238712
1022143
2075967
3803892
1721352
4332274
1405674
1915493
25332
2010525
781209
3655534
2168724
1550932
2505832
2896964
336722
6196205
3581191
6224768
