8180413
17064075
10040184
7772913
13931213
7804917
20407927
11592522
10805207
17566113
19102054
9376612
8549205
14381625
6483105
3471212
3698358
7380202
16628746
8767335
9276463
13597509
15648213
4329085
4464658
16200461
4215970
16714588
5455425
10085944
12416337
16299910
6418789
10435262
15928551
13204559
6076410
6121138
4304986
7073625
16166647
18762671
9319119
9980493
8051781
7425567
6871953
18693787
12698289
17959383
7328041
14260188
16677492
22669391
11506026
10760156
6731368
9430467
6052112
12368908
15550706
5862027
16724119
398439
14891622
4326961
7837289
17653324
8866515
11438260
10661650
17061787
24455819
14018830
10774303
10163042
9431656
5562401
8710474
8687970
9198583
20518948
4285068
12400901
16007192
20546173
6217170
7997961
11569472
5385855
17891220
18711108
9047640
6300857
11625213
20378807
5352759
21553840
11430259
11487612
13282673
16919677
13484996
17005992
6421825
5359170
11148388
20120307
14114287
13833615
7214183
14632762
12694893
12394716
1964357
11756240
20187762
9425621
10583494
9648386
17255989
5499240
14010350
3029200
10346595
12230126
9540737
8047689
16991934
8457430
14140818
5598931
15744067
9337900
10370626
15887268
13192138
3943526
14278458
20226317
3053689
11233410
9443808
4641512
9046080
17092751
10999560
9617956
6482505
13799153
8268560
6633359
12963613
10491998
5757277
20492972
6887352
8863022
11830439
939943
10154232
16814824
2278587
6000092
18815793
2048883
10753246
6181152
12045505
6464559
31281751
14319743
13436796
5337754
19087600
20748159
10719796
23572108
10358042
12652395
13659697
11026043
23978405
729742
5316323
2446566
17089634
10717685
15829493
17418806
14504810
10323975
17535896
14057810
21070089
16897072
4749548
13391406
6142747
8997559
11366522
6343616
22443756
6450191
13024746
6483212
8089164
3561685
3465716
13512075
2789679
9539626
24276898
11653398
6989717
15548309
8366422
3400820
13101593
5995790
16938306
15201144
4433727
14171580
12992095
13571610
16264755
11793633
6701725
5014577
6187155
7911425
14121617
18128571
7063431
18241054
6264706
13080635
7601971
2519627
7657492
10561359
5857854
16312419
16773404
20386186
6761035
12311414
10595165
10396908
21218641
7807877
6391753
18198690
6194618
5255772
11285611
1626372
20059040
7751151
2236783
7973502
13056323
10801435
8514967
14370144
20706520
3112725
5098955
6224345
18794184
1609810
14596887
11810843
7055504
5696969
8414679
3747546
17478780
4334503
18046590
19294552
4694512
13863045
10779100
15957123
6504340
4103491
8928336
13083964
5240643
14530371
8759394
5795435
18295278
10567858
16106470
7644396
4654245
5691392
5126942
18134214
6080681
14625711
13108963
7214129
10792202
8460245
12311632
9597565
17073342
15017043
7011956
10700517
15934824
14451345
15984731
9325417
17873964
20678863
13625869
6207186
19174517
12569040
4995908
11754657
9299225
23093716
11086685
11182905
17445805
16595516
14886740
6746212
14350125
19858590
10062593
7057012
1650875
14228063
16446938
20901855
4670931
15620824
22365306
8375676
11840011
12575504
20704798
15330777
13853587
6557195
16800024
10111153
17750404
18062844
10871855
18784334
18299786
13433281
12662166
11369821
1848885
18883985
16565174
3517614
8781844
8563833
4398462
3995088
8646715
6623750
7596161
6458348
2927749
9810074
4841222
16263692
2920125
20370163
11587382
3814109
15548614
14247818
3747978
11363069
7051664
6913514
17092631
8766268
15147735
18718921
15291467
5348877
6280329
10813978
3554320
3647595
9010626
6190097
18488529
8217140
20912459
3919622
3602229
11331144
5357488
11182198
16365202
5092763
4253958
9167876
1186648
12276681
6853923
16893219
8858151
11091371
16229572
15459378
11873449
7280807
6765369
15772528
10324054
15580524
15472184
3197719
18674216
1725197
10541500
16413381
21132426
19628046
12166280
12302692
4340893
16904446
16794937
16244332
7059598
5847991
16011551
8404085
7853947
6978119
6608307
9249041
4493983
18931123
9305312
9231080
20629366
8502318
2438081
6872949
10567345
12764153
6926986
13282454
1992900
12778062
7609899
14913683
2572920
6104898
14208298
17291237
16589508
16095617
13607043
17201136
10958974
19515425
13669421
10915495
3258414
8177458
16018967
14420248
11790397
15262392
5265561
5016011
19177169
3354722
12397506
10731852
16832598
11128595
22586064
7912630
2418613
6188996
4057802
12882060
17073538
12335391
22724901
24741863
6026190
6058423
18191063
11145260
16540027
8047580
9856971
8989983
2884371
6724572
6550405
19562927
10317868
16008898
14495469
5212910
3972542
8168369
16435073
7057211
16835465
6850077
13718658
7764591
8656959
2506856
14872473
4868644
10287575
7235055
18948108
8708748
9814867
15560464
17794230
15563386
9263631
14420656
11405302
11374641
10562460
6351951
9114697
1411081
10441837
15923579
12613694
9927487
3557093
17197659
10810445
8017247
16692915
13171677
10074040
6739069
8283990
13934999
6903015
12216456
20424874
9212744
11279900
1316171
11956865
5338457
2949303
3380308
8275010
11395476
14723315
6364134
8956181
17941088
7180651
5838975
7627428
16165340
6074347
14503059
12580473
13241752
11932809
12927777
3905598
8235788
923020
16009383
13710691
8335706
5296801
10320477
3292581
11482347
8016537
13212526
9447224
10068691
6727780
12703234
11821167
7744416
11415799
3989917
5121038
20233899
5034455
13785918
11015703
8225853
2498070
4940210
11255391
5283363
14131662
11427847
7191443
15613633
16439063
8554612
23326045
17292385
7787355
9961048
14796326
18577879
6968877
21060753
14533811
603852
6790970
12914264
5258203
11820334
12922336
11806612
10289345
15807415
14635409
4724490
18808051
5723512
2188632
6054567
6941106
13787230
5969163
5010358
4248753
5634071
9355000
20791932
8822265
7016921
7748354
19334818
3989392
12205348
2247367
5769290
4525408
18776588
20096121
7487787
4361812
7223696
12298015
14554827
10402744
5944618
4089849
11107308
16990344
19754681
4781768
15334626
7405889
21354350
17200024
1738592
2346285
16360076
9489570
17607435
2044371
13724748
11711300
15362466
4352314
20430281
20182235
13820624
5360280
9482135
10411792
10947354
4955378
23344040
18272942
9605460
7328049
3055486
7556736
3397939
7223320
19866993
9058326
5411265
5653961
8019684
7718658
13514456
15152898
13664523
9264320
9838189
5429323
7373574
8517984
4751074
13837096
11816605
2733708
18266085
9483264
9470776
12302988
7277828
4392224
20903788
6792595
12300632
20739269
9549682
4641715
10595480
9283614
11436110
13515777
13044420
25593547
14914196
17611993
8871409
4618971
11280389
6526131
11740729
10979811
15306816
5199797
15908407
10511096
7961481
17796688
9649889
11593044
5131196
8686250
11327907
17021849
5938825
15478558
6419202
18355150
13621885
12117463
16478929
12787793
15670535
20198176
8236989
12731750
5008091
15252673
7854002
8065978
11816999
2152726
6449323
12109189
12334252
13064077
4421754
13124140
7624797
8224253
4784771
4029571
5002039
9113336
24465400
12649744
10664018
16060239
4771371
6975760
20673443
5923943
4591375
19784235
12875079
1951848
23417575
13592536
9568202
14803067
23352215
11724201
15970656
7257542
16323679
11455506
12347181
11450942
16239754
8886145
8655273
11286447
9959151
4284660
7413484
12949537
10154688
16146114
19490462
17516017
6723107
12635080
7085210
11757596
8295522
3208711
21683124
15500071
9470707
19039022
2648386
7357429
6690782
7459509
1801325
17448794
9397780
17695939
8130306
320752
14273877
14569693
17233047
9172115
17866360
6332607
17043828
17012434
3811514
20765216
7622637
6757763
7209648
12131748
14701409
8626293
7040401
2545064
11332670
16454236
5804391
16164850
23826342
10165242
18253364
8365317
6199040
16183798
8375820
15815355
5976680
10232793
8863205
8615889
14233747
4750253
837103
15269581
9485715
13402848
9658704
13080317
8021188
5967910
14145818
11002552
6438401
13736431
9716161
16808771
9762676
32638385
4451404
7147948
11202223
17370274
20836313
7302822
4693407
17274518
10019213
15784890
12089218
14566083
13393629
9223014
7375783
4204399
17986571
7972139
15062527
1765763
15075610
20100098
1717985
9720418
15471518
14223164
13669980
13301589
21544704
13757723
13396708
6941751
11525630
4279126
20495435
1958372
12560306
7934060
15430520
14473706
7073170
6473291
11720733
18451673
14507989
15815468
15747510
10231696
16492080
4353155
3401850
6547084
18731144
4057466
12603115
6862501
9645393
15074396
10129826
16875552
9990833
15146658
15420665
9341699
18947817
8052396
2191501
4791980
11410348
7449412
12589515
1390000
22846249
15108100
11434251
10930721
5754186
13568600
4352096
19168318
13856802
17453717
7146808
12635507
19199691
3206705
10829070
17764834
15161529
10824640
11601179
4941838
9403377
9145046
16298571
16617238
14428007
13417424
11068788
333144
14459117
