2099045
3041129
1828611
3575190
3909772
3438638
2282407
10688927
5615078
1245050
1244936
5011381
3162104
5046822
1329226
12376156
1126114
6917522
3668464
8684775
5310689
2297189
4309107
4120349
1772549
6876882
7961077
2538183
5121008
353812
5819971
1269398
5989328
9630969
4046009
6324220
3000625
3717522
6639738
3104818
6821960
7208981
3119053
10951522
8542158
4307552
4102823
1961683
5552201
4805624
1694849
3058766
5995558
2238347
521512
3470173
12789706
6123439
423687
7407161
1673106
9707033
7130367
9763730
9225491
4479602
3218623
258798
12796979
6563316
12826073
1992464
3533164
13959008
538144
7754482
6694287
8471386
5784013
7048095
3024228
3719691
9433679
3249061
310434
4254614
6759754
6320077
12603953
4225593
6187996
5953656
2096737
7390645
4880437
3154834
3996925
8987776
9801474
4372830
6931330
3093187
9984936
5115502
3760718
5619405
3312237
2696469
1858286
9411440
5735501
6208398
4188934
2624178
2675954
5719523
1849293
7497456
5137073
7999115
3702291
8063729
1522361
2859514
7248210
2356166
2100243
5288259
3153096
3005896
1381462
9394073
3807669
9918108
5634217
1794473
4814302
4555999
3362307
2134900
6249907
5087534
2843579
2062074
7246286
2428740
2587676
6922391
3018025
2385595
1513855
7199528
3121176
1666037
8521903
6347035
3495548
1164118
7473835
3524365
2818970
7255213
8647468
1186387
7828144
826784
4496875
1700283
6276984
1263070
1109381
3075331
8365440
8527649
438144
3428215
3038253
7047733
3870500
2695880
862422
4947668
3368422
3551506
1208494
2347679
766415
3835493
8804928
6635413
2863938
8003243
12732668
6672210
1054100
2439337
7507889
2114800
3297817
6134336
6140559
6193377
1338447
630867
6076290
2644027
3225087
8350183
287098
9656376
2709089
7494323
2806153
7393965
4435736
1232303
7213270
8034689
9186763
5749023
5915114
3793683
3760962
2788152
5465514
7207882
15206884
9225008
1688938
7009610
8587962
3109495
9522663
2683788
2295039
7092870
7225888
6602437
6860185
5752119
1452879
1978315
2284218
7261965
426119
8935804
4574891
3254481
214363
6463538
4478155
8353404
4828990
3501854
3646630
4536024
5712393
3009875
7419197
6511015
3864335
5083794
8869687
1858144
7156930
3313526
3669477
5832002
3439170
10001134
4792793
2739268
7773116
3667812
1322598
12440864
1763110
8233519
12726192
3635720
5654109
5876232
5111214
1168446
4178966
3424425
5131460
10565235
6615355
5014373
3278726
9448056
2010293
4528045
3062072
2815347
790878
5407335
2255775
6330699
3840856
8966469
2206024
7577898
6664902
3523809
3984485
8310164
3581940
4074511
5464637
8560931
2152214
1077355
4190598
6170436
4556462
11023053
6110946
3026689
6532079
4647098
2647075
5004343
7772496
5841973
11188802
9300076
5164043
3958626
1190359
7920215
1914350
1767336
4524127
9474537
6125361
7127105
10002650
8749095
5343489
1621318
2523882
3010364
986576
4421127
13445802
2293402
4478359
976851
1975769
3295738
5615830
7210510
1436171
7634217
6082154
12462377
6503520
3351476
8206783
3813970
3068881
3515773
2082349
5663625
12135233
2884591
4194127
2861699
4113396
304809
8444029
3840461
6800948
3165310
5143077
2312867
677187
553171
1494242
13134569
6765881
5210242
7349503
1156196
4310282
3168011
2137420
951021
5691198
10420444
5557630
2672629
6341866
12824565
8528560
820230
1225501
7094838
6560142
6365101
7257627
5010404
3544284
4357675
2226703
3784910
7623331
1189173
11142149
3827479
7991590
248132
4679056
3613077
7085644
2222003
8612913
5424212
4257862
2548453
3222494
6748319
7730503
3595435
4199695
1514816
6628577
10488480
2021271
3906069
11250084
6250787
11951080
5551616
809568
3423138
4747429
8218606
5041297
3989524
9139368
8890851
11603922
3069300
990680
1448781
5346072
5931692
3617330
7494766
1564687
13264560
4579822
2335924
12029315
9130495
9060037
8186909
2601410
2434930
2556457
3064250
1623069
11740099
2255433
3129338
1037978
5857910
1229815
5576223
5713433
2548120
805183
5253556
843585
3971778
7819208
1249853
922812
1570612
2960338
6619716
953383
4619316
1542638
2013126
3577557
5493110
3488249
2198587
11260784
1500218
1044091
1195810
2739692
3075304
2402148
5129628
12517430
1517011
2841710
4811316
4436614
2007069
4001287
2541956
5091950
11809476
9516691
6955460
9370997
8305852
953432
3083655
2222353
3225697
2435401
7062172
2690098
8333690
3036130
1610550
6981474
3772695
3369634
8214989
3267981
8953570
4717325
6976718
2905592
12373424
2893068
9070426
4200671
1299445
6095045
5129223
2783735
3967557
10869486
1979146
3664746
9946861
1383416
6948488
8350804
4450241
14242012
2029556
5964820
5851532
3078592
8423661
3268134
7698286
2203831
7020924
6120011
2268642
5756090
4883242
5189534
2679803
2719277
2399143
3582462
5954645
5321594
718351
4674046
1172738
4162419
16334429
3020935
4763910
3518997
1865292
4645527
2126635
3108877
3564879
7060201
5950354
7728598
7611793
10745376
673920
9374455
12164264
4411425
2026189
3639322
5498393
7970900
2293268
8793923
2034271
1588233
4681480
8387339
9167951
2875659
4703535
2788279
5891294
5218882
5316031
3349834
2645269
3468649
4354799
5591892
705951
4602212
1613938
4998605
6220368
4450184
4547017
923318
7382117
2665875
8456683
10187520
1795740
1861278
2762432
7944293
2196181
5643373
1019992
7420342
845695
1079705
7153219
4696010
4307886
2627424
1244141
7128848
2404299
4172915
7644487
4635339
5191326
1801683
9047528
4821432
2571340
5888733
8061083
6162052
3301860
8512257
10634017
11972711
6664200
1530094
2300782
564683
2310958
13247361
7439797
8606525
1337663
5149910
1486403
7672005
3974286
4394483
5214258
10152598
8248624
6877264
5165206
9581668
12829755
8317373
8574028
3733713
7514222
6927017
1210916
7047835
2316061
7010398
1320770
2921909
9732620
1331592
10966684
5780562
3131526
3878200
9587959
4359175
6748048
4610038
8095786
5572842
2042871
5138053
6011063
5733045
4624151
2451023
6817290
4481470
5955391
4295283
10960808
1000629
8493141
3799026
7337754
3900217
7006373
1603728
3067453
3660202
3096627
3434356
2447414
3543605
3204240
7199101
4265772
12210131
5003594
3138159
3960563
2947153
6489048
3249329
3327734
6833704
4860777
12057871
4045421
5383645
1428505
10685026
9811546
925170
1112755
3039080
2479495
3996118
2377736
2148070
564142
3287022
1517804
6691849
3049162
10730631
8049239
331594
2196904
3335778
1937192
11846852
4648555
4287762
2185025
6893699
799497
7298431
1009755
1234465
2895748
1802828
928712
6042900
5330827
6372693
4218329
7418090
1987699
9524956
4464403
5982612
4242953
13739124
5600253
1268296
2383749
4131573
8077002
9590877
952742
4774511
1841454
1804922
5953953
3290411
2675207
5139266
4468303
2445862
7939373
2638279
4559450
4982055
2742141
957927
5506302
2966498
11114649
4126251
2595716
5503382
3674864
7243695
2698672
3452405
710886
7413535
3720255
6622859
4461113
7185178
6165824
2811892
7772097
596187
636426
2395228
3257339
4763866
3505308
613483
9967687
842406
2002321
7862932
3617342
4183127
11671275
2797795
1454197
3841783
1704287
3038694
4286758
4672556
4569217
6876238
9627061
2934026
3080377
10098842
5458329
709949
8348907
1263906
4596500
3527302
11183444
6139780
7197742
432941
944988
6921110
2684497
11047705
2534221
5353987
3623876
6129311
400392
909076
10155847
2936859
3752104
5905863
4276879
8773361
7649849
644869
3320546
6198605
1508846
5791168
2625619
2350864
472683
1971631
7656894
2652427
8656508
3749288
3728181
9935021
2370602
4658538
487357
2581822
4517777
4028315
10128538
2736474
3181723
1180275
1908833
1599348
2067008
3520899
6894277
1717778
4487612
2366466
9270971
6807305
1448294
4869413
682266
5766477
3270079
1925376
1102173
4412602
3597710
8058846
6573971
6323424
5891423
14202586
4668723
4272736
922029
6946277
699593
3238548
3298557
590612
2007492
2922550
2946782
3884669
8381886
4173730
3732134
5520079
3004641
4423595
3320581
9139807
1480274
452659
7618194
5036439
3394030
6052022
4166147
3722429
4740361
1747947
4635367
5362421
5362662
1514682
5842858
2568491
3606681
2421504
4326777
1323605
2577225
4510865
3678549
2538558
1368052
4612965
2973849
3175072
4775669
7121875
4302585
180837
5543376
2785971
4675957
791672
6614681
2331452
5114237
9764843
7543673
5382868
1685524
8104856
4513404
1785750
6502827
3874951
1662148
