2654710
4624631
2241388
3316181
5942089
7125317
5672218
2304552
5210536
4190833
1820150
2792892
1854481
4015006
2453456
1984892
4684063
587395
2936098
5052760
804872
7194873
2984567
3800397
5878678
1156692
4723792
1985035
2216766
2075370
1643421
3714367
7146747
1020965
4889632
1695241
1082557
1503887
5854732
6817529
2597250
1829615
5848818
3391626
6440855
8124477
1805050
376553
1554436
3383030
3676310
1601754
3281429
3192227
8606293
6049065
281503
3228546
1139285
8952622
2302416
7027360
1386474
7200170
4486652
3359091
1155560
2470754
4880591
921494
5716481
3331278
3836461
2029056
839224
6950708
2764284
1783051
2802790
5438333
3457991
3942080
355876
2577627
6601567
6793351
770603
5039431
4219647
5546617
3130292
8841075
1492543
3938685
833693
1967126
1091312
1918196
1489275
936610
5647767
1176950
1538501
8066339
3266554
306291
4354396
1413683
3440308
3727183
2499765
2052308
2095062
1384788
5695572
7483984
5633982
3721037
5009269
5075187
2373647
4005090
5583439
2432341
3153373
977673
3802109
5160016
1336289
2379833
5521831
6874109
3101100
6365432
1570401
2474392
6841230
5558956
3993982
2749696
847432
1614988
8388066
320610
1781489
1652150
3488775
1775986
937980
5842880
2035823
3245029
2322140
824807
5030639
6256635
4285435
4990224
1300003
5226108
4936582
6874241
4955107
7609305
6589545
2801150
1484202
1027777
4610140
2160086
3463264
3773203
8719763
6401200
3802351
2042827
2027837
834626
7226967
2464685
1992796
4699563
2260325
4042714
2448905
4885496
2172303
4641998
2470386
2883802
802242
1912784
2402853
3924891
10347265
8713109
3497600
3290271
1997475
994617
2011154
2823697
5412278
2474648
971742
10342958
1473056
1370764
1442913
4406444
924651
752522
7398105
5859650
3892485
278789
7461522
4973459
1812580
576142
4963813
4889080
3300008
2496448
3035766
2040128
3038843
5135659
5734575
5908527
882607
2994050
268485
3365038
4353439
1547458
8101715
667973
2188338
4118464
5046944
3600806
3372135
3729588
3618205
1800202
2403758
3474153
3782694
3339552
1995305
5524544
3099009
173188
2600998
1431655
1691068
6494163
2553031
3723403
841931
4481026
1801738
2781656
1881984
4396628
706526
1955788
3132686
4195424
5507345
5336343
3907571
1120695
3708054
1929783
1929944
5486479
5684187
2072264
2197717
5622324
3161338
1196576
5860770
3144825
6935248
696808
2159691
4540645
6855625
3788335
2926621
1826879
2898031
5611254
2220570
986030
3451917
440372
2522931
6445619
2834678
6442379
6893084
4245674
2198841
539907
3714619
4418344
3586522
3026084
1677904
147033
2345792
3221557
2158093
955585
5746092
563577
2957733
2766318
1308556
517465
2552662
3087859
5636508
968519
1745687
6475537
2401139
3750922
1943883
1104009
2713031
930321
2146198
7200566
506900
6252556
1225243
5130729
1921795
3744203
7281398
3398646
7092701
2983008
2274698
2212269
10209
362881
4168525
1935763
3091153
1833797
6948507
986984
2273403
4175274
1216537
7303358
4013022
3241790
1985224
4660685
3215383
1707301
3871184
5008634
5267494
3766125
5308700
3356726
3783368
2676778
3806002
787346
4270475
3534454
2377752
986227
2329952
4112285
770321
9249361
5328465
4177916
376392
2244446
5630905
2966850
1122714
9149350
9187779
2184950
1383257
2491893
4610646
3368185
2959095
5126688
2737620
1774784
1068263
1217887
936708
4751443
3743945
3098362
323337
6037934
2791255
1998114
4157439
5315608
6972204
6874886
634170
5901032
4356792
1572848
1711389
3495125
2068698
1413484
3579296
2539023
4466190
2349466
1153023
8238042
3243876
1526767
7739825
2337801
1467786
4081951
7781749
1279273
3056575
3993051
1842508
3950973
6096092
2780948
1085482
255017
4837029
2299181
4096833
2290895
5310967
2520781
1067027
1169204
756554
3014457
2077968
729734
3742068
2457723
2024374
4410591
1450675
1960970
3128766
3280624
3540227
4441659
2307366
1763016
2251373
3013304
5823792
1528212
3026377
8563083
1834626
2526499
2640547
1566273
1752322
413452
2811632
1669017
3417085
3318880
6668385
818361
6974313
183896
2473000
3092049
4630434
3669180
5149337
3797848
4785419
1345185
3521223
3422054
7813743
6826486
2533516
3205883
1273479
608572
615785
3140747
5198569
6967459
3648059
3271983
4138284
6283123
5140608
1512639
1728292
8617016
6624065
308290
2531293
2804962
3212847
1537976
2630936
1198280
2731071
6245535
2200066
8941054
4594862
2459385
2613086
1058930
5300528
2372652
2469446
5867548
853136
5256777
3923015
4525190
3101659
7506251
2213079
5552546
1081250
1205301
3640549
1904065
3142560
1872258
1734313
2039672
2983915
3888394
5631686
3144402
1062963
6013777
4698424
1990767
3678044
3518828
3523968
678832
2998036
3160090
4831084
1203705
3742409
508590
1938990
506389
2458467
667436
6039064
2488621
4530556
4481908
1821673
2175074
3968415
7119514
3678778
1485870
1354388
6258183
3351493
103084
1139640
962137
2226132
714051
3960148
4368931
1582142
805676
3004518
6614360
1123108
1420826
4931756
1082860
7852310
4018014
1187185
4107179
634619
3059624
3010672
4299851
3221865
6095264
4390291
530405
3574374
4709575
646036
6927808
5674286
2804056
1925287
8670847
897940
2765370
4808044
1552360
588488
4613344
3588273
1864741
849427
1134542
2324005
6061753
8545949
3467295
1478173
3210751
4727686
2833681
2060697
4739098
6001119
5040174
3770095
2873469
1232558
4805788
6384522
2854153
6926694
4984922
2524764
5602800
6884526
3113597
1850388
1237399
4596708
1564951
980675
1838961
3192319
3255297
2938424
3588241
2816982
4956260
2158351
6224502
1719668
2902423
3521718
1772986
958524
1382120
2557888
5346503
2195003
3323279
1552180
6300597
2696039
5849647
2108049
411300
2129063
373561
4878803
4418837
695561
4515151
1463940
7128887
1415771
1869277
1415239
4139951
4552527
1147422
1136035
4868861
4790848
5143325
5209632
3071537
1418527
2911843
4316124
1914608
4078654
4927240
935258
3156775
7707067
2742960
1442290
2025023
3215326
2214517
4145065
2291206
4542449
5596327
465481
1127091
2048228
7854183
1553202
644924
4368199
4393305
6038855
883984
4031304
267324
10428477
573164
1504575
3101636
2968685
1615617
3913823
1557025
2700826
4554331
2973161
1540997
4938397
4640051
3268259
764263
1443732
2273683
3861376
3861870
5744642
2817395
648843
5231070
2227737
3936287
3337230
4064662
1338725
8110809
1151924
6601789
3688719
2549569
2105769
1336145
4775511
1782518
1498931
4591989
1330616
1476001
619792
6070048
1091585
3425308
7688846
1040720
181851
5261956
4717342
3512634
4223170
3551392
10321407
2136359
8414211
958028
2283857
345505
4290653
2654424
2942111
4682897
6170191
1604250
2699053
8087925
5562527
7030598
3382938
4493202
3999287
2997088
9351066
2739558
2086915
6862165
7823679
2442822
5430715
4798722
1121013
6503500
2867404
4381217
2248471
4161862
8279768
4354279
9275806
1084268
6468371
5900339
5483356
7609446
3893388
3084317
7142826
2610080
1476453
1361821
1593879
2311046
8433502
7536674
4067691
4271669
2528235
3009182
2160094
538544
5243957
3237212
7928154
3281577
6419584
5200658
1060868
2315928
5736139
2989153
1166484
3809140
2544670
3562936
3829113
2844921
1142841
1988453
2132654
2791921
4351561
5202207
3584320
4647081
2037742
3128415
3662122
1524072
2283559
1956534
2579247
1140851
638457
2231170
1824776
6152616
7074805
2668570
5730745
3758193
539708
3230082
5063012
2168131
1231590
1894745
2313307
2088667
3695395
4230549
787769
3497197
282674
1533648
2981690
3881442
1929849
9644655
3163916
5132148
2441875
2987279
8386291
6443864
3215368
6551815
1812063
3130439
5197195
2183918
205529
4249813
2740658
2737307
1157438
4080984
1216560
329340
6656646
1472473
9933761
1452426
3741192
4239289
1102745
2566039
5684435
1676732
2704563
2281679
3794917
3935747
3501013
1530550
6155906
4222697
2170433
4189839
10394874
4223825
1464205
543257
3278987
9949889
1390872
4515419
3597416
6808234
1382300
1663609
2308281
4053031
1746786
2777866
3329136
2038261
1742969
5220430
5470017
2366499
2265484
3198745
7974919
2970949
3152960
2291777
4101551
4620313
4616849
2086822
4499006
5609651
4185446
5244102
1032918
5500583
3045273
3797712
5499553
2607945
2794200
3523273
3761118
7781309
6417281
5553252
1773397
5955374
