6486011
504741
1128296
4085887
2866198
7602126
1757642
1820765
3940287
4179143
5886266
4800301
7558963
11777019
14136158
6866796
4472625
2780387
3459795
11745619
9408490
7443142
1058970
11315959
8965543
9856055
13051075
8160363
134104
6320771
1511358
5262196
15946952
9498757
9921167
3177331
1961180
8778876
4639752
6231772
7312308
6534643
2180228
6627274
730071
8980898
8242710
12997284
2448487
3939945
3443639
11003362
4129994
6510025
17176471
6224023
6484508
19660696
4175730
8808505
8738830
5286223
9936258
4455133
2859117
7948296
6462518
6129251
753760
4583152
5713664
6266588
6186788
6632464
7253533
12980867
9159414
9484705
10169872
7159586
5798444
5491683
4336718
1622661
13029262
1224841
3184173
16527277
10048698
2926816
2561453
2377750
9691474
1456516
5318407
9282607
6022985
6911259
2073154
2484297
11707132
5760904
11241251
13035248
11613444
7657979
2706667
6556720
7713071
6055663
5428153
11642597
6983215
628478
1725982
6231322
6702196
13382645
14473665
11872093
3830960
5632785
3567009
15908837
6236266
1070546
3129756
4938036
13714617
607813
15189549
8439482
15271681
2407506
1961666
2391717
12763182
5771080
9805061
1264500
587373
5418124
11994652
8152497
3466917
12292706
4008961
8632271
3753512
5907198
7131933
150419
9781174
5212969
1394236
4163492
12023566
4350013
8834905
4765503
1149238
6442280
8879308
7780151
3091351
3544865
1877034
7344127
12461153
2679602
3014232
2522528
1443752
1890580
17313010
10019295
4992513
10825132
13229087
12318973
3162402
5814614
8464608
3051146
15098615
5111245
1920921
13129609
3690778
4347171
10095054
4875812
1414503
6434826
5316310
4467601
4600220
20535154
13461327
5708938
4741076
12494896
9619056
15409819
4197304
6962902
4724198
1266167
6077569
13067567
5401897
11670570
1427357
6604316
4195523
20071122
5213048
8718733
4686579
6770539
6443269
2823598
4617718
4791397
1650407
5376051
2866495
10703255
7489631
8812638
1407678
5940888
2166460
5230769
5211380
7294295
17003084
11917317
8393450
5108152
11436845
11643295
5097371
6802230
16517850
2747990
15887766
6497399
3579805
5056122
7432399
5337685
6731035
8847702
14071070
5122567
15701970
7028337
8132576
13142611
4319058
9603693
129615
6351319
9010545
12822956
9234603
11026460
2363313
276241
12386231
5100210
2022469
6361256
2765616
7629868
944083
2877603
6251519
8438945
5533222
3567986
1814820
8691957
12722031
7710588
16628719
1424932
15885430
5566603
1761187
8836453
3389672
7362256
9974938
2079246
8679391
9717426
2809951
9103471
8323139
13253861
4728677
6897940
3522853
8443475
6135486
10252862
11653787
4838139
7732847
10861016
10628428
3305045
3508574
492694
12791580
1969958
2697350
2538770
14926821
16004562
11783558
12754579
12711318
5927343
3484543
1658974
7118161
4331615
977217
8547020
15611692
7532688
6544472
5803136
3416448
13233435
2854067
3408943
18903495
3942765
6674163
9478302
9880991
1297572
5987301
12247179
3648860
5999436
14357248
15968554
5702829
6829747
853036
4546016
12284801
1661053
2288668
2235326
14578089
3434188
14094776
9258599
2546446
2803152
2507212
16791810
6720105
4099527
795217
3909495
9810371
14886052
2743202
7304433
7231019
10194526
11733581
15651641
5445446
15691796
8665877
8635822
3983802
10365569
10975020
9456480
8649770
12583007
6501042
2236534
3973161
3287840
10103702
6650779
17217153
7031531
8036392
2436337
7556070
3011614
4029848
7168439
9549547
4560575
2908896
9700607
157484
2645653
7015236
15877685
5056065
8419999
13653328
13216971
7018836
1636138
13250820
5934024
5018275
2831069
4715053
12835420
6670868
6878569
5580168
5547324
6051173
475845
7618227
9061314
8333237
9395292
5561579
4231302
16835871
6484339
1017175
12580125
1930960
6348214
15189136
4360194
2348332
4203446
2437671
5795119
11791788
8030325
9327657
12083895
9932702
7450500
11599610
4246946
8107440
6744332
1878612
6434114
6178595
5780377
8322548
9327395
14220121
10421450
5398774
6082482
6493421
9122148
6931332
6078524
9667535
1570724
12936128
4504142
15201052
3277603
5854475
8310566
434248
1609801
8212908
1126081
5371721
7366391
6351492
15445797
1153796
7296878
8481936
11192092
4582764
16961174
4031840
14956672
10609448
5084770
5140347
2135198
15642866
13315176
2934993
8985582
10312190
3252610
11629543
5608988
3795196
10717752
6341894
2290490
2811472
1608045
4931045
9581300
7712200
3891264
15157056
13444880
3222797
2202909
11188973
11168295
6491077
1695803
8559896
12167109
3630188
4336262
2478955
15062780
17249654
1217513
1759501
6462611
4465117
5168037
3807995
4091979
15365718
1667301
8396851
4571159
8137855
5704279
3335002
7682758
3398162
8857159
7943078
4157052
3185277
9838729
4069385
772538
1701210
5564805
4280289
10480863
13292801
8113402
8740899
6542846
2891997
10724771
6135446
4939339
11778562
5181471
6019395
15898707
2047514
6286821
15592470
15707341
2880491
8916834
8918631
423713
10551142
7473208
4563572
6426640
7330282
1017899
4524679
4907212
3756326
845305
6581773
13671291
8995295
842475
3834729
8849213
2997441
1065332
3815054
11500659
2309199
9840515
11422971
7572255
7431883
5233448
11554602
20088336
1968909
3215652
406544
12381004
4867789
13556855
3333684
15801746
6375210
5424969
2978469
3835962
12422135
4877942
4978695
7980046
8886807
9963725
7168440
3915079
2666723
14790284
2703258
3434236
3500102
4564398
7979047
5020271
6957165
4081741
7808025
14794760
7915821
16772442
16623774
975056
1518970
1141498
8538795
15309819
10302623
12981178
13298053
5599865
9737895
9554536
14087674
7550043
3573284
5114153
9810521
6145306
1776380
3861246
10102413
8080872
3583616
10676851
1544085
2787066
6754100
13551409
4279017
4897349
6404091
6822553
10154768
14217977
6316873
12095189
5089657
236939
4678193
13908160
2181263
3491173
1119491
8536374
10720140
11991183
12614723
9043098
6357333
9251701
6518302
12571901
9980419
12677962
4059783
7301222
16623851
4446123
2310587
8136458
1077542
4660728
8320743
2092687
3157496
2471841
7251423
2457007
983989
16745742
2603438
5847485
5108984
11888785
701160
2846046
3036402
6541817
1031114
17379648
3812077
5615445
1920340
5952614
3919965
8412670
2828078
14951326
5269108
1809743
1414172
12460035
14545338
9221485
7537673
10345976
3784176
5119455
4693519
3917284
9713292
5637689
16532511
11710251
14415081
5540817
5465512
2351895
2327362
1891266
11087348
5608924
7362291
1559479
4057183
4879811
2640193
4145780
2567325
1476338
1038507
2632034
11999694
518089
11062006
7697316
652713
3343813
10092473
7702724
3782718
9134069
1199405
750202
8407864
5845376
3391613
6746659
5626084
3163071
12240964
6796570
1728157
6846009
4872658
8558387
9218308
551874
3917742
7061834
1795394
5968651
8452845
5966658
10524040
15906744
3653932
12310979
18256935
7017805
3890990
11378416
5936276
2570906
2105044
7954292
3836074
2902903
6535660
1768380
4423194
1239480
14088977
5763990
2814531
1793531
2426098
9180976
12339814
10516372
6411434
4422908
10108802
4745874
4063851
11720222
10549167
12390572
7310202
2328482
1617385
10854354
6174104
1653994
12937159
12168479
6687407
1132621
2569029
12293661
1765490
1686718
8844129
2368126
2741868
2701709
5546215
7554041
1867524
14703419
14043725
2842086
4571840
6173467
7603456
14531968
7064512
5504123
8052938
2014820
10680533
8678026
4160977
9679391
2830517
8028967
6667752
7570250
8231680
4786528
3863058
3073180
10019844
7371094
6033286
4555540
2063269
3661701
5555486
5750708
2609713
6825369
6675085
11943303
5133006
4339739
1186253
3318149
9319014
7408711
10225609
7994429
3538511
4488030
10347538
5186543
5319814
5238865
11359914
759083
9835669
8748929
15431900
4293533
1732641
10490139
3449211
5502091
4426791
11134821
5250322
13438768
8363992
14969844
3842456
10104934
7881318
4661428
9033351
5174861
5007489
5988644
7792700
6519258
4652559
5884830
14860500
16214611
3602933
11330924
11824267
9457229
20054668
12585269
6124794
5009904
4857670
10435981
17285578
5388585
3617173
5653225
7502153
3763375
8642729
5062977
7212237
13082853
12222569
6818897
3196563
7249256
7019250
4146200
5657450
3231101
8911673
7757638
8435633
4558735
4163964
8952608
7111017
2398944
13599686
8340785
753624
6367019
6910860
3153471
8303930
3919945
2763721
3710196
12521204
738622
2783930
7255602
4946678
11077204
8329117
5126712
9767903
6204912
9413663
787988
7253275
1081490
382923
3892096
10959251
4284924
7507585
13067505
12750597
11126721
3677424
11610549
