3264382
1033101
3744860
2120598
1413600
3749164
166888
254122
1104474
4301162
2046242
3582104
2791417
1233357
2364694
4362750
2229477
737591
3147436
5174813
1386174
2337119
1187582
868599
3286865
3682082
2772132
1437340
709013
1956313
3853635
324525
2735315
1105718
2159810
2394314
1444956
780452
1143939
1872129
1557394
294410
681761
2661971
317295
4162503
1766259
3793665
2274536
1075734
439924
1353574
1083776
1567494
3033380
5867462
2507059
3862178
3291716
1918636
1376957
463149
2469000
3106604
1038088
4320662
4673368
3720629
3519958
4296099
963130
4067701
2037552
2385593
2885004
1996923
642461
2685030
1663854
1255215
2971955
3058459
1451910
1785088
2547909
4752310
1370224
3684630
2177746
2481172
1531014
2870260
1965269
4818807
3669644
4505039
1618313
3165437
4196924
1935456
3638536
4524088
3224258
2844229
3396217
1972692
4814141
1083959
2324955
163941
3568456
1381969
2691869
977836
4516130
504674
1432197
1686244
3160712
694744
1095715
3798699
3233761
3827234
4352378
2948091
446717
794985
3043870
1828386
1727298
3856738
3010219
3160987
1839123
1390350
3171428
3363556
1286905
5014024
4752431
2425321
3282933
1205122
3842987
1263004
2616702
4573780
263349
3811420
2745746
2511504
3966822
2658822
1487024
2098594
1543640
4406863
1783500
1894659
699756
3143421
769845
1897800
2231013
2819644
1500902
3361040
612921
1581935
2896858
1582567
4478756
611267
3656620
2173863
1917792
1757985
4133546
2572370
2886126
1374467
2853090
1046295
3988495
1217588
2685850
3339635
2088760
536243
3494176
2610624
2727245
1526860
3404418
2031900
660434
3078406
3083508
2126732
1940501
1510532
5562128
2310561
1065154
2143351
1897377
950798
2847421
3496625
816133
2288105
3352488
4832507
143894
1692380
4790495
974004
4316612
666017
1022784
2440004
2984088
1391002
2971821
948567
1365483
474558
1738437
3180291
2319218
1717863
1805056
1638666
1502558
3170761
4756533
1201907
1991556
415156
3909647
2109318
265959
646961
443481
1133596
3457407
1108279
3779310
3374982
4960290
978001
2927094
4639069
2678850
2129572
1366825
1627698
2067510
4846648
1489475
3437569
3359416
4389105
2630634
4665442
4069527
4001212
1939315
4755330
1008894
2862600
4973545
2452221
2291133
5189823
1935203
3673738
1718792
3476892
2067797
1869238
3225231
1144914
3751256
2776837
1874479
2197755
2788073
756615
1419063
4396012
4347343
3961795
1196472
3927541
2282891
485596
2769193
3694012
2174464
1728738
904385
2469137
2023307
2871168
5479691
2079353
3830192
2204045
1316982
2099196
4805922
2169342
1557729
19201
3407575
226792
1999397
5412242
2781624
2074745
4791048
609273
2095661
2204447
4291864
3267625
3453907
3430290
2095367
4057269
81441
2771734
3003212
2707492
442917
2357199
3242542
4338046
2560527
284506
2787519
1867108
575006
2519765
1169630
957045
171293
4281249
1691141
172211
690564
3009302
1151037
3669351
3428879
2067837
3999415
2588627
2142801
1424158
3552454
1785550
3071354
1761686
1586062
4162085
968613
832756
904790
3769794
3269077
1086885
1060783
1780977
3369263
1490550
4301583
3260735
2793617
3387366
2410545
1223982
2375938
3919964
3712992
1694647
1047428
1232979
1321092
2704760
3725104
4375919
1999385
1766683
1158764
1572578
1105607
2317286
4329699
2058461
989271
2764592
1090661
2046870
1539260
1012988
1549381
2297218
2366493
250736
2896166
373805
2964011
4191360
3336334
1481272
3736489
2879288
1449935
4340973
1529444
2956087
786023
1956608
256784
3902121
2877016
1807571
1518839
3437562
2863802
998913
4706644
2116943
3420794
4056287
879555
3147936
2296974
386936
2296047
688780
3778100
2099699
345134
2893378
4395890
778309
3122780
389859
1942457
253396
1965009
2181289
953423
4026329
650457
2626061
4343910
4339651
2957077
963879
2954538
1386810
1871720
9579
4480118
3460789
959413
3462141
1065099
3420018
3493411
46589
4157064
2518391
4777219
1462852
4317377
172052
295617
2330281
829261
1999879
866932
3065780
1243170
452648
809768
860578
2711477
3538938
2778440
3828071
4270498
525453
2998937
4153566
2623519
1284625
2269579
3776169
2664431
1572058
4392598
4982361
1634123
1097825
4039628
2742921
1774620
1891293
1164360
199687
3506613
2377089
2179592
3579936
2361557
2164731
2679254
5041064
1631546
1643250
496061
1652271
4517076
3186447
1319336
4517256
2637546
1449090
3870355
1999075
1458188
2253388
1657476
1270910
1037153
3466774
3091250
1079798
3453675
4170825
904645
4445250
1354258
1884550
600919
1435625
2260033
1698316
3569008
3830445
465353
2910502
1112635
2890530
337469
4227018
3556718
5297618
1594847
369179
2019705
4155112
3883474
1965556
2719575
3576001
5668701
4127023
1407471
131888
1967261
537894
541672
1587526
4586212
4527281
376966
2591038
2405908
3035977
3729747
1937782
2436404
2725057
1828243
4081070
3859531
1000779
1955018
3498966
933963
1358409
3328480
4112401
3003830
4518852
5220884
4052058
2573718
2002505
1612844
4503752
1467913
3225574
1149705
1897571
2916627
1803942
1368712
1872797
3990237
1626136
1746754
4433348
4706979
3694082
207346
2740932
1415620
4169147
990774
3023190
3389410
822958
1253697
1347224
2087154
1684095
1651869
3027821
925708
1351992
3511779
503740
1774923
2233232
3424436
4408882
278869
4671864
310866
1987109
1858111
3246347
2723192
1027060
840873
4609481
1197983
4173484
1900936
2330333
3992392
1985090
970544
3477563
1670745
1152534
1138338
2669863
732744
4229760
1128220
3411562
2001794
3828726
2784641
1678594
2021768
273881
2390907
3034779
1903774
700010
1343356
1932149
3197408
4455296
4125691
946634
1824289
1544254
2942772
1734622
733492
3350203
2800602
1408085
390269
1004947
2035998
2648835
4465754
4067850
2309328
4690117
2855172
3073048
1186709
613234
2239839
4912093
1377898
589015
2131161
3038629
2233593
4738271
3281063
3119832
960746
1996828
2501917
2974638
1168193
3021648
4035052
3945948
2335813
4404057
1285993
3426777
1131871
512788
4481430
4119827
1724787
5270799
5113044
3714678
3076158
3863696
2072602
2424539
3986205
2134910
2741773
1561444
3678614
1865263
3040319
1094669
3409774
3372391
3793546
1601692
3676334
2333059
1640556
2516775
1057309
1331596
2262595
1435237
342234
3770105
952818
4599514
2709930
3841640
659133
904481
2151187
2623608
3514145
4659773
1830633
51427
2461789
288245
2687513
60040
2730456
1669617
1436091
2620547
1681976
927486
1968591
1874193
4327638
699572
3276057
1333790
4408311
1767203
1585723
2329726
3267986
5137487
1058593
5120679
3007176
1570984
1186122
2353911
2519700
5078190
4093036
1970394
817345
738447
1176860
1803710
2783924
1333189
4073119
574254
1133017
1560915
3003021
3302422
1899858
5080762
2101085
3345698
2300713
3071500
1343415
2028276
3545607
477073
3785450
2504024
4326554
3869533
2009399
2657341
3506246
1318368
2730255
2107404
3903818
1708289
1750682
2132477
2311531
3017368
2028620
1674549
2462786
1346661
3407600
4014138
2473710
3355086
2717140
5081061
1659820
2119813
3845331
2411891
2428131
4372029
3355345
2461919
1924009
417328
2375694
3678520
4096746
3407787
2615291
3542603
3240726
5087697
308966
668734
3144195
3430902
1399940
4699149
1245837
1710976
1536262
913915
4095230
2819397
654747
2467874
2799927
2866628
1989695
2183706
1480976
3184943
2708359
2454575
3148537
2540259
2464754
4311252
4973127
4066769
1639507
431782
492894
2179194
4255430
1008173
1856114
331883
2995217
1670842
681191
2102518
650226
2463764
170004
1449334
466221
1406255
972569
450147
2330983
323754
4006941
1087922
1553081
2821416
1765717
3341692
869727
1262471
4454534
4520762
2594597
1359768
2129479
1337810
2013893
1099765
4307029
1338976
5439704
4817225
2324952
2839203
605632
3824711
1135202
2602543
2457007
4818736
2311683
1135295
3503430
691450
3284913
3440308
1608933
1490072
3122298
3201345
1431795
2095956
4773553
4215816
2840168
2178779
2328104
304249
2294651
2936504
2156404
4243854
2631935
875275
299900
2992672
742642
3698941
2542689
3714368
3151217
4028485
2171407
4850850
1354125
1494613
1505087
1042959
171176
534338
2618612
2837614
1648435
2694492
737131
2154372
2880870
1371226
2417240
2089590
