7082321
3613908
5640807
4318858
4385538
7415733
4918729
4211315
2826725
6237497
1033161
5031155
1035277
6443390
2784459
4457572
4941177
2973516
1346487
7169676
7220667
6789871
3959783
8192376
5803196
3434659
2512175
10215645
2875220
7880719
1458324
1047243
5008197
6434504
1304920
4438501
8473585
7467784
5824370
4955317
6711318
6109213
6074793
6059819
5485340
1742607
456399
5925054
2466094
6232668
2812761
4885267
5108722
6031876
2227572
3783119
5554152
4517380
1756762
6844507
2581839
4511401
5704565
3125921
6332247
2509009
5967918
6405418
4067596
7699817
611095
3475588
3569355
2022340
3679930
2962182
5604518
1472560
3187776
2869900
4426160
7019203
1407772
1919350
5327691
537649
7354776
2369986
6573296
3755388
3265710
5421547
7530399
8183330
1546901
6749393
4101495
5210814
5690127
5847756
3212213
3017808
1474250
1091727
3021517
2430840
5159390
1530238
5904304
1674413
3436285
3964744
4847102
4429629
4103885
2647911
6193334
3631505
2897976
3884044
2414532
2690820
6379542
4778925
2709294
1038497
2790916
6577867
759068
6133704
6487990
2497082
3477345
8710847
4019270
394197
4861673
9439338
4007187
6668031
576676
3241887
5004834
998604
5046706
8360749
6146037
5752912
4392600
5330357
6896569
578064
4847148
4961910
7315917
6099675
3507441
4534761
2761650
1706229
2903061
6777840
6647249
3304347
3469404
4151157
6760541
4045168
4977608
7999521
4902896
3532617
7239784
6770413
3750614
2092927
2370899
6050463
7062229
1614775
2504889
8028338
3833203
1796539
365037
4562268
6521505
1178060
7922119
4382453
318108
6112476
6041702
2853578
1566461
3248224
2621898
6928759
7217016
7513519
2324473
3974876
1921382
5644993
1463264
4589889
1900332
6078878
6556030
5073504
5645293
2252891
98313
9099828
2930198
4941976
7143594
3010751
4317352
5186721
4950238
1404801
1195942
2752160
4750385
3224361
5936114
1163385
3681767
5044747
7253133
2860444
6705961
1122110
1510095
6517324
488087
862584
5990347
5500258
4514296
6383994
9071441
5763784
4772775
7122068
4983800
6281217
4391080
4347426
5248962
4288986
3334627
707145
1181199
8394668
6017453
8429568
2687343
3598715
7726488
1686516
1773242
3140140
6569360
6645089
3501975
6961262
3546392
5126799
839213
2521040
3719467
3236493
3483710
8072683
3197971
6149583
6269783
5062938
223527
309378
4971898
5570338
4432409
1601104
2891827
1927017
6609196
7281919
3364305
2601644
4573766
2049082
5593397
8122336
3906065
4388401
2256019
500593
482874
4956236
4810456
4100489
6489766
5626275
1702327
3547565
6208237
1884079
7125501
4580718
7397568
7978431
3563677
7280821
4709846
2165081
6464827
2286212
2022489
5047265
5063924
1959475
3154592
2621675
4443528
6812050
4108069
4630436
5168986
3886085
1767790
379264
1553997
6016422
4147727
4266949
7071856
5193453
5598880
409813
3353512
5135575
4660479
7893880
6250328
6026532
5772938
802438
2218250
2991346
2980841
2051270
6048388
1878936
3784101
5005353
6308694
4956808
1650228
260332
2933310
4891483
687854
1110836
6139270
7818775
2505014
6632648
1129152
4405409
6015875
240552
5688915
2696902
553256
7423221
6449990
1015509
5107158
6934227
1480243
5673164
7196669
2261129
6411542
4583285
4886975
6013316
5402117
5078649
4858325
503342
2722224
5455526
5149985
2339361
5732730
2849058
1867006
1839239
1189759
9361603
6366451
1783660
5692597
2908029
4381222
4283520
4239817
7748591
3746920
4144755
3070189
5294027
5465738
92933
5959382
2751196
313445
278556
5762053
2452857
8750209
3458779
208673
5064389
5997031
6093057
2067866
5333963
1992691
2189523
3096349
7576574
5647066
4155074
1325501
4770053
3474251
1526784
946346
1585941
3409984
6419323
324426
4390336
1470762
4682228
4478247
1405351
8458481
4730079
2438974
6772100
2574523
8501438
6355571
5714131
3570820
5612125
937138
2895831
1916380
2256993
709128
9020901
4127661
6026671
7729385
396391
1198880
811186
7499989
2497638
2462963
4284178
1357612
7129383
6588703
4949311
5092466
5035746
7319314
7908394
7693115
7363409
1018008
5953581
1425581
2273717
5355036
5424286
2307392
6395645
1626045
6642442
6077240
3370934
7831279
4848295
7078846
5239491
4036633
7615313
1525747
2132469
4056522
5805547
6317900
2515110
3114879
6175599
8599974
6257684
6704497
6306722
5668302
4690755
4972556
3790852
4784323
6540713
7051335
3549771
3641076
2261813
3154563
5185750
5101224
9876672
2759003
1422262
32571
7639116
4891815
4159124
4978330
7970906
7585013
1275560
3534947
4295559
6553601
3330976
951139
3326252
2029366
3160516
4202387
3099048
4005498
5500577
2196300
3081909
4310504
1207433
4334998
6568115
5285660
3503125
6541942
5199450
6364985
1648761
1316264
3629734
3969575
5754608
5075340
4660667
6283993
2689716
9084273
5801948
318273
2775142
6745297
6187504
938730
4553744
1602343
2719143
2046207
6945498
3727152
7035283
2727259
1768222
6617532
6021679
3827526
8042135
4810210
1096103
5413463
5099315
5107237
2811450
5796651
1489445
959801
2822794
2926246
704804
4058994
6294837
6452758
6914897
5578730
1668634
5079609
114820
3876616
4980891
3034035
2421488
7191654
5116076
4389217
6891006
8416627
8559870
3759511
6688324
3454963
4908617
6125181
4790220
1878436
6191198
640778
640308
7325808
6019369
3029038
6468268
2695082
4527193
6501034
6218985
5333965
3123384
4423194
3762358
4486673
2759264
1864560
4939207
1990092
3192315
962530
6334339
6579402
3213695
4648905
1522266
7210787
2738479
5394088
2448949
6579052
5366533
7580404
5185881
3991416
6578589
455069
2754435
1889734
7136784
7189201
2670660
4468973
3565000
1924053
2722544
3852541
5328201
2061890
5725329
3046046
2553063
174950
3277528
5171215
3701794
4530995
6407278
4098697
2816390
3628934
2496590
1347289
5614504
9304892
7463553
1877369
7277041
6469532
2758405
1316986
4036275
2527071
3453975
9091958
2886279
4072704
3490425
3164360
2210568
8146041
2252441
359464
7700665
4587302
4709159
415072
6341288
3569201
4931826
8199664
7438889
4184585
5750218
4429667
3100475
5590073
1638435
8280100
1749595
3344969
139876
5604772
5944982
1634877
1980699
7664923
3853431
3261627
5038490
4142676
5651643
4952506
8824152
5144911
2734494
4371661
829087
2127922
8345312
6325131
2879027
7229624
740394
9121875
3810741
6562740
4753060
2430145
3690200
2821099
8112102
4945729
2296185
3228491
2881252
2466816
5503036
5685875
2574505
4619533
2203607
5213935
951973
2228669
3280247
6311983
6195787
2742520
5012439
5779994
6088442
913832
94841
6215610
1478513
5696307
2660574
8465031
2246787
2992437
2610474
2064297
2356327
3773895
4039561
8553444
5885301
6923829
3934384
8363145
3313692
5984036
7370085
1676287
7085072
6385364
1456815
785031
1512537
389096
6532227
6969866
3212488
2992655
5472190
3883581
7654803
3079640
6062532
1128181
2188106
7449667
4341616
6403647
6956375
5766529
2328177
5359354
6708952
692977
2454258
2519957
8787832
7155352
3328824
3987046
6159965
6527367
4548688
5195160
2078705
2205409
1928432
4658013
7901629
8364869
3805867
2677611
1410353
5240532
3828143
8988205
7935939
6212339
6655151
5297520
2377321
4398981
5529125
1612369
6358017
6487655
3195765
4197951
6439484
2443292
1983330
6885470
4744273
3604358
6561308
1490520
2724072
4781022
2350847
6434188
1189104
5816403
7100093
2276139
5436379
2243487
4343327
5427264
5359018
1553886
5308054
6012764
5869885
4638292
3731586
532614
8144881
3290280
6533862
5937275
860944
5039122
1895405
6601230
2248470
6212157
4524060
2907800
2799574
3594921
2129139
7372526
3037396
3381361
3209070
7949481
4434003
5530558
3057899
1188853
6528462
781593
2701957
3565437
8784900
4322210
5777092
6268370
4487104
4572732
3552003
1778367
5157994
7939702
7424791
4386616
3617837
4680789
6713492
5384731
2550961
4034634
2292346
6724643
3453014
3496005
6467194
3239908
6410305
7520784
2509165
3096603
4053046
6266241
7271329
2680257
7322996
7547029
3341942
6103949
2705189
1820961
1168806
8259326
5219196
3377170
7100605
2762706
4118464
5867465
4283483
6136138
4016976
8924300
3859220
6453884
4101662
3526706
4656793
4363819
3989053
2490631
5274616
4454934
1288522
2691426
5589184
3465955
994413
3301568
6298069
5233199
3573613
5202300
3285020
2015454
6352025
4971261
7009086
3345743
1671182
