575020
821315
599149
558965
164984
796877
536442
275055
495788
221112
1028594
640157
264660
468970
632908
252718
452855
259560
915063
330827
216405
976261
725919
162093
700780
681161
929108
161671
991629
389936
672756
567241
644102
85112
727058
982056
164955
586014
865242
207963
390041
373100
717103
479520
368166
731953
187208
537522
427552
279712
665137
315003
434114
385031
788111
774416
524808
831739
112149
391232
270824
422442
696006
368432
276650
711997
370058
427064
809169
686889
657808
282758
755763
269563
119686
805280
342130
343905
697510
199208
448744
459091
309804
274974
272535
210829
119369
659731
170116
583013
339438
757957
860510
346243
865492
447038
644864
437850
316586
890431
986147
413770
998185
181731
443852
332644
947453
272885
488392
161639
956842
923478
403223
250824
389054
161830
771326
330347
1101261
416558
312933
576165
424794
270364
781369
639657
861878
257782
440114
196247
560466
616503
434646
751194
704889
482808
897735
124370
296682
714071
359041
180083
474302
151317
1035540
495548
550367
587956
1120059
1102541
830009
794168
703313
555764
213049
166235
241396
994001
731154
424297
570026
485405
640119
682974
193700
343650
201049
282192
342100
124408
143599
338476
553734
57664
144994
730897
396742
964895
800097
158622
22752
254822
449718
350634
799426
30554
105715
291413
740867
668637
423555
619217
709569
333402
482642
461228
14860
601688
862817
336132
414599
317989
153383
585222
745474
492716
435971
1439438
324253
598271
179832
402591
391652
836858
345636
1080911
1029114
141048
514881
576010
550244
930063
568464
729613
814687
102695
622297
727477
626363
925018
537018
658743
442308
358049
538555
271491
319921
715232
574511
856519
130789
375216
464805
530666
1000302
160956
772360
541575
537811
524091
334560
561207
315468
361293
389294
226007
176377
154900
1367272
690473
544065
478968
920007
311392
330372
418784
515648
614581
515538
349589
434832
521896
518275
118139
39133
287037
584408
426882
1195468
1140415
451838
285791
207505
409962
332403
841666
486405
362849
769917
210962
714709
390150
151145
972335
218146
170414
447790
166651
350470
532720
161070
590733
454834
912679
651309
672793
1056452
675956
203174
193695
912319
986749
503165
898331
493508
479060
146777
362345
1211064
398588
1082176
1143179
18942
415732
246423
571379
580108
210904
167149
321961
324951
156105
880525
331750
256098
348139
240976
667906
846578
451167
168895
340555
369431
664323
352779
632532
437204
307882
484913
223012
355686
609280
837525
974600
558042
927130
742536
499991
76285
613681
749765
377675
516059
255662
382517
647139
119975
119626
463681
1067030
153975
136816
508852
514707
707017
1011992
724732
312725
234118
848851
946262
613733
34026
498630
601520
365256
379712
744796
482795
497315
318922
369103
494983
499261
914679
670299
538841
986717
461574
208722
777451
193948
441927
702585
317433
652440
757186
122120
171834
421367
354775
590330
411987
180313
797331
376026
735243
125215
445078
321755
848983
392210
191708
644312
530517
385085
655588
881564
426882
480356
314238
463117
188513
774492
738477
570280
531074
573887
750594
407870
332538
690557
469708
244190
339317
430249
383779
262440
655793
296323
619229
590393
1078269
538046
281121
620606
155553
273798
734992
486373
664706
617310
410214
277646
631813
327763
522143
475551
115374
378649
121257
316001
459402
679541
975481
356134
433339
651414
192578
1058864
124160
494723
129974
385653
563431
298537
830065
368206
753098
259469
743802
119208
1029382
475339
256435
520536
523723
534884
178565
825650
291490
347660
541528
204631
332366
69353
1006863
498170
148048
351016
651624
412736
329517
515599
188286
602235
247502
463664
816805
987540
47727
437050
1081924
582567
763681
470028
302765
632137
375036
611784
720630
144429
171636
144052
57533
258694
194197
815316
198333
278110
203203
628575
466472
574705
234652
382447
836009
41529
649196
768392
301633
467573
546452
781190
358368
153628
177976
156227
636191
553298
326328
212575
74489
430851
820430
513995
330790
630117
336607
981071
1055351
338657
512713
1013653
1047641
651133
778381
263360
274658
439758
205444
882382
870607
159024
463607
283819
473970
309388
289400
525491
188344
198483
72381
391498
55405
57734
1169172
919878
247495
170580
201029
451084
134920
329610
841414
422659
758097
689337
429475
405544
324439
253868
470227
681170
128184
416525
958126
335973
869676
74673
127386
198029
306409
701478
606036
476020
515168
405169
386720
539717
579982
518456
640829
395483
108400
661082
326632
165517
320790
35739
735787
746666
376130
466669
619461
487872
426991
721738
104428
292528
445490
528637
657998
436935
395947
684869
421373
438964
235362
438620
357987
758987
113290
648431
483573
959254
546341
102385
221359
1078039
261086
274621
259796
450494
238988
801735
412221
447126
208998
300219
575542
739549
872690
634475
824470
512021
811811
287738
1042681
643844
390814
384783
717655
712971
273322
696017
786785
656671
175925
692503
312531
234832
587948
930700
879280
497111
147425
661782
494818
594605
286809
309569
477270
342219
647078
630573
533292
197177
357124
370724
171682
664741
444990
405391
972664
445294
620773
864658
453227
506157
34676
351148
729313
775930
437146
261550
275684
646059
826511
150837
511225
194130
513995
652769
267591
661392
550089
342776
214273
600644
741590
727786
640956
114931
507021
600425
604697
378559
839903
162315
692409
729563
989407
426133
588102
266128
565614
610347
1075978
527377
301180
291487
170138
272031
451074
500940
208977
535183
635504
812681
402861
315643
176280
547026
209812
751056
897555
249742
585728
221870
81049
844455
249193
499185
923425
436601
943119
771463
170697
336527
419215
341096
529136
304656
173146
575961
706199
198548
494648
481943
607936
652153
364162
495221
796694
548312
732618
72134
319441
408794
670794
615690
398463
563259
704522
206416
1107965
438255
293477
116171
228390
710935
462603
289783
189757
966747
609779
88864
909928
362271
781719
942917
186410
431199
748263
696819
297828
599698
366113
317079
1108143
440884
60521
369613
759170
544229
246253
245060
484387
545848
392545
531683
356166
647697
441984
485008
964874
487885
854220
83206
483335
1252514
638411
418535
556238
614764
461257
625843
655783
584268
317551
584640
395833
274058
630118
587099
416387
551555
134071
408356
464662
329766
359281
702801
135499
487949
749225
461502
550704
327200
1078318
206501
402800
201678
270519
495615
391556
412496
674641
401299
341638
637836
166637
571349
70525
274846
227957
648358
368197
348033
302974
588887
58728
799458
512054
492048
723436
357900
205187
364353
797783
626076
856388
416769
155903
425690
831984
649933
220485
842633
613877
407613
102382
478873
326230
726344
255334
461411
280047
350199
966437
640545
318998
874004
865948
500957
354833
662627
577309
509184
383953
612527
221779
403358
525438
536735
390257
756026
454878
82910
631439
754539
717644
179966
512879
391724
371847
357300
702227
692346
1211408
219361
348255
468702
651719
866261
495255
630254
611329
415002
247294
365561
385544
272276
172556
278195
261186
198687
308774
48555
