20660561
36375952
25127952
11218429
2789404
29097813
24473049
5812782
20654186
14603481
15226744
17026137
10486695
31355261
7545638
11105545
10622402
26865792
3942139
45022716
43360067
19524337
17768678
4279515
25448102
18567530
4350793
37662797
11702285
19018656
20404005
27034419
9117959
29374700
6276774
35062490
13778491
8159342
13872474
50208195
43608987
16690440
7853297
18225871
17740669
11264447
4938158
7414888
17243812
8264746
10785659
10244847
37626080
9776734
33885356
44946817
8894100
26478916
13331025
893468
33630727
18556636
4064861
25041085
31766304
14990282
18853500
4297269
18485647
13709761
17782801
31868545
28016199
14137337
28688031
16177867
21245639
20874270
18065732
16529072
11676362
31690917
10078386
12506658
16908218
1897967
14004386
16303073
10148063
18242480
1137366
31200756
35152059
25784449
2788123
37945818
26902123
5062163
6859942
27908403
18432593
5944802
10035778
26475474
16039173
22409145
17336979
11205752
17344665
18377509
11972364
43176089
30764313
30525303
5868024
7841968
7011541
3444367
13600070
41275049
24970499
11803797
25470105
8290748
15198565
16115585
13141259
40066107
11168409
14836998
23052222
19823060
13333440
13066761
29075689
15467607
30867263
16729829
6384602
25342945
11973829
12019459
15670166
650076
11376043
4868221
25249968
12409438
5760546
19564896
14489818
24553070
365133
18502781
18329129
10354673
14867625
24270938
12055184
2586942
15566535
17632594
3642083
20664859
5727175
39578669
12273782
5556208
24963873
12832353
4536225
16997128
14919846
18935093
17835052
8208905
16725810
42510877
42379131
16033480
12962011
25655551
8545368
27504654
17742077
16219292
9664780
11535821
41753776
30201968
9980742
29152230
5585086
20784440
3871122
9285345
27098786
9116099
16500183
11471586
2652178
18007025
14815508
16729503
8246744
36565281
36036800
8184172
30237692
4025369
9718253
46327252
8007428
1913457
30489191
17775094
32154257
9887070
15067596
11144519
1615866
22756788
5714647
9590239
42291563
9197478
38006267
25627309
5238033
16505984
27562253
11007156
10870094
16995467
6831933
39587120
27779815
35497785
22460747
8417105
7448629
18106622
26589879
22994358
15453842
2809576
4308084
14162287
20771495
12105818
18003315
41530815
9067197
6899199
4115868
883654
25266613
13560328
22662612
11993097
9938312
652543
10118909
12028046
17091974
8822378
19923869
5644174
2402562
16658583
27458770
24659710
17390480
7756988
13781474
10477714
18608313
33469698
24465790
13198702
20479899
30162405
5366653
22824922
12847627
28420499
18330109
15757867
19027590
12965404
11159484
7942358
15688203
9909079
5181312
10001692
4799164
6453657
18227221
1663601
35360097
38058544
29698047
17270947
25308351
21758964
40368424
6048037
17108969
14179915
10079770
27912339
17321848
22390884
4749205
13257060
18494412
14272162
18012527
17658248
13703213
5955555
31959756
15802805
44086866
31404360
23820902
7919189
42558981
10321790
10693392
16401326
32639533
2140338
15263529
16016789
25214778
15427431
51916619
3037435
30539758
20053251
3671370
45161771
1648400
8645447
27512080
26661748
9542639
44211712
29939589
20234611
26307648
40714434
22324170
9849920
15954298
12362294
24018149
38008734
8432287
38600475
16263284
45547594
16645962
24273335
8126064
24856800
4326779
21276314
13737462
15329578
19403746
42062142
10503123
9030830
11672624
36790228
10542672
11858393
10188387
23839729
2732567
23556914
38962370
41509480
18238212
9231051
24133979
22474378
13749772
9158934
31414727
15011791
18455066
13882953
14015644
21122685
21648978
2226970
5809535
30359463
19922992
21828318
17701983
27156781
5846431
14092198
15609969
14854063
28167044
9001679
9393793
6511388
34323292
19987376
8622168
16862644
5742608
11525749
45890364
32426963
12551271
26445611
10903859
22517132
7158785
28544130
23545289
17676137
31585923
5388410
21838026
14502969
43800628
8583798
7262641
1444430
17240813
8491940
4665921
34493802
6303224
27475976
50195766
25554264
19899798
47240365
25157959
29473332
12792006
9964296
17794557
2353406
36213728
22597132
6142239
10306925
5638824
12760051
12137749
20359309
9957981
12139603
34036253
9777600
14682733
13442961
12781073
15298558
43847233
13794136
8781172
9468257
5471261
31164070
22631457
18505696
22616035
24983866
23506249
30461231
16224305
19062316
35084320
22902623
27684181
30095159
19811953
13219585
10213403
19089766
6022988
11918794
1054773
32628717
5671524
9988273
8320377
13941573
10446498
7249050
18780054
10185574
13966354
16046457
4602971
35598124
3857401
22811372
27885852
12982583
33580072
22638806
14109398
8129785
8191202
9828745
7262252
16345829
6654300
11684244
40477290
8961878
31462913
3712636
4181987
42008746
12501535
30065589
4308485
19340600
3614298
25833657
5743626
34851802
27325435
21929820
10875882
14502153
19482406
16195279
39472726
12054174
19120879
9131994
31781040
19731467
7024125
14569922
38581813
11013413
32848454
25967250
44376093
19969745
26496868
26111626
43509450
17152084
6919122
7258515
2975200
17699352
12138048
30048603
14960578
7424776
5551872
18655488
12546302
3855699
29358531
26363004
14226353
33809554
18157771
16440699
15081644
10557536
28253847
28553006
25906665
7543977
21050911
28962359
2331926
13699878
23839270
15998408
21808570
16181433
22011663
20704263
21554979
10934768
9227478
13874975
48877094
29257810
17697338
19130849
26819367
8512013
22110238
27259229
26948900
18617686
28768854
3534779
11955619
10072496
28005045
4714064
10780966
8649202
17310195
4121822
21560350
32508853
6507399
14447783
15265065
26261293
23437127
6902637
12383604
9452944
12589464
4266453
7142613
13654608
8142609
10317750
12133508
30050266
9869820
17489945
5346714
18773376
18667739
25489364
33824003
14705040
11803143
49316126
31109545
31468467
7162337
15677730
21535165
33762133
37085347
3308161
18138176
19874773
44813234
16153792
11515699
35785386
5094757
19711846
11890634
24920672
16017304
30580511
43275972
15899690
19513154
9039637
25767065
22819807
18086806
15983369
8213400
1453718
27051211
26133476
5208409
25614512
5406349
3098303
10568647
11250243
25267570
34311359
27020048
14803258
29501404
7382458
18780180
1781737
35795035
11813491
9805832
19963303
22121811
23111209
6194604
43890782
19813466
21877388
17239888
4418452
20948833
7372617
16601050
3247170
4920935
15540541
3833481
26890963
13873770
43802826
9582769
16516645
11970618
12645222
18694496
21184010
11710179
25145770
9705036
15269441
29281163
8325943
18994105
18497805
11797985
7573244
32248538
35372645
2442028
14828127
4043428
13921629
9554166
17872760
28404836
21195489
22448059
34123064
16475265
27496478
35390059
34591123
8470877
38647670
5936828
17863793
7864969
9452992
11862355
26609681
29477814
18360025
10795948
17958690
41431122
23756478
9683821
2429871
11999834
22958875
18163966
21511391
15326241
24108584
33734864
6072066
12670843
15456815
16257982
12526869
22448927
3156431
17441079
30670607
13937780
41787425
12596914
28620766
24971066
25354261
10505017
30835074
12317828
38034777
24675477
13679844
40296183
14807764
24332512
4647437
9934202
8162175
20641619
17338381
24284048
10420493
2861356
34817555
25481194
16876644
5592734
36377462
28354960
3969402
15160954
44145586
10327861
1091865
12623436
9221677
2533787
9345258
28944510
8351666
18242403
25153155
1946792
2136004
6099850
4909542
14898348
31436937
32267522
5938991
47332183
24112476
13520100
14553167
42893707
20339799
28234351
29077510
24322777
14404150
11215784
4373301
13759489
12952643
10112770
26143192
10758003
33327153
1533800
15022985
5891817
15493706
29163854
12862076
16884658
13668090
15075451
35944971
17932452
216762
16836725
16340130
29321345
14240245
18896702
14055326
12484874
2597378
16268143
15132991
7040801
12490061
3458500
17387764
11509499
10144847
24050483
11095834
7011303
21871289
14731617
27455314
29423340
17437020
39226823
13427134
5461801
14257810
31174913
38741098
10700811
8009097
14940155
22857481
8492704
36148054
15499199
15573686
24301761
34714563
26198851
21169685
2607309
21235890
17707070
16129229
24491010
7319076
6645936
29234566
3246871
21984329
5991692
11071687
35966128
31984379
46539221
19659397
28645441
28623546
6240594
2832788
27465417
21194154
26646532
22927687
33987148
28186218
6169150
7006815
23010077
5493344
19517576
24305040
10213058
28260228
19315814
25854393
38600176
14538996
39050638
34384949
10295967
33000573
28347645
15606126
7062047
15128293
29282470
19347534
4212636
7922336
10229775
31273615
27192487
2258621
34045890
37318569
4473043
762462
29642088
16527844
28465001
15368633
41677175
5904917
26809126
13168266
25608153
10799198
9361913
29344559
7811531
29231389
24004174
40271224
28653914
44352004
5073156
3296990
26300646
4866760
7910434
10784128
8146995
40235668
636107
2051663
2345570
35979972
10657595
37365736
10640921
14378095
15380163
24217258
19863550
9329396
21570262
13975138
7171637
14322128