9162350
7386882
7317562
6040622
16678832
19266845
17989445
21005974
7947467
7286024
15815293
20150325
4340090
14925567
12946711
13708002
19617630
4937039
3838700
16974660
10771378
15143079
12602736
7622733
18069145
11677920
4781536
11985047
5712856
18909776
12426079
8428954
2768607
17791090
17751118
5468299
4089076
16758446
9279845
16125253
4794847
7401602
19823554
13476050
12403838
16992038
11400296
12566214
11481631
10342551
7519240
26624753
5119360
17703663
7916391
2103905
6521140
18619624
16875178
21927032
5276091
1009558
8971116
8829356
17088458
14317690
12605366
3028934
17936856
24214829
19072104
17694266
16952905
20465900
7854047
17058575
19949390
16069106
19299493
20001335
6007495
15206621
11948080
3403060
12566282
19371960
4287582
4012810
18449675
2093328
25724824
15560376
20109304
6490884
9834908
17795032
6761727
12498538
20810069
11354717
5507076
10564264
17356566
12692200
12071755
13586059
16860696
8641588
23060512
16601474
14851139
22535983
16878921
7708851
5576604
12284352
13894677
15073595
19307342
20820100
11375552
3170204
19556680
9020654
3792887
18281305
5311499
5717762
17546894
12256093
6793166
16195493
11887908
5496249
7097535
9175130
2213580
9972537
607213
11978260
6687842
5882876
7820794
14557218
4309971
16504732
29489439
10913379
16754842
17427704
21011112
24864222
12139680
22889803
14729818
4750454
18198532
1163870
18359430
12891175
5553222
11843124
23358038
10305076
17415105
3588986
17406503
20744587
22946430
13022748
20801460
6100705
12904404
12954829
15901118
2278914
21609074
4245414
22953735
8795549
15417314
19610647
14634014
26529594
19964321
8361273
21128002
16375781
18358261
22075389
10252761
11501178
11965791
10707650
12944997
12171515
12277495
11365432
7585204
15530345
17234258
20870092
14835105
12260716
17139735
1512323
9992146
19994902
3964714
10293414
24867698
15697179
7219282
16139254
7171903
17195228
17366921
8644250
24405801
4198496
9235414
22169552
10574365
10178491
9573971
2751260
12015783
13136694
4255676
13371432
19721475
6834310
12535354
11261944
4352581
12646151
9342555
22806097
7406018
12779922
11796749
5529080
13511244
1763574
13638595
10031684
8146105
12869388
15187558
804503
9059779
8591503
9663313
9367636
3751408
7325554
3431634
9315538
9094761
31221686
18186450
9808885
21028241
16285283
20829232
13198388
14935512
3012401
15550878
10060857
6821022
7149412
11419258
16133192
9602519
7120245
18226482
13999725
11337993
10355739
11902077
16984460
27332935
21944806
8665179
4701290
13165845
22387220
10242046
16238333
5371926
7728367
12856210
13542233
22955268
14329472
12477576
13104810
25024958
11163825
12569892
21552693
18296488
4394634
25191053
23998835
15550312
15519962
15848754
11012458
1872785
7679573
14665682
10778507
13272750
6702196
26772441
2929196
24064830
9401969
13623208
18155402
14839457
6529438
17212763
17720123
20542874
4756433
8838417
6539819
27247008
16951799
13966154
8038865
15877026
20213527
11530794
14785866
11834343
14049957
7851909
15380290
4006723
11273628
25520652
22684966
8457576
25460462
22048554
21932989
25334395
10667145
3932904
25988677
13102814
8076034
7928794
7493593
4493753
13327341
3881821
10964325
18415210
3410414
22256045
10631836
21870824
24850718
15413283
20359176
21070868
7310870
13758049
9898495
26715478
22711190
5442517
6315783
16583839
10495825
6067618
12911183
15569622
9405471
17912450
9638442
2914460
23514332
25236314
16119775
7258197
12507767
6228560
15465694
15176559
15886556
17888287
18984251
23549131
13878933
8318096
20579861
18290945
26390566
6400435
7927495
12924437
6775088
10329417
16172763
17851860
22169914
14746654
7960030
20259503
17512474
8663063
16968382
15102295
20312287
16612241
19481199
14407361
13407903
18338849
17588823
4104889
12554011
4829873
8462593
18672340
20128213
4823914
11931528
20862395
14001283
8162776
10051124
18039637
21414780
5226735
13524852
6266107
12515582
29332992
19020781
7404871
20657328
3421818
15819182
6613971
7676380
13811567
11862954
4692393
13523048
9496588
13961589
2542073
16674476
12836875
6993917
12034011
12302899
10333899
4644788
21574224
20646674
17260464
19157361
23045017
22767472
9104943
12453386
9272760
9711152
4916547
9973980
20651645
12045673
8450110
20831423
10974711
14567163
17511911
3851909
10899202
14769373
20340274
20248237
8555444
10485844
17148893
11394156
17392221
15738393
4745386
15214991
15863655
14809207
12513688
29390011
7168118
16230126
16550163
15200650
4918934
8225093
13055487
7240436
6209571
8783847
11550998
4066330
8083943
15733040
23700317
5415639
3481129
8682098
9735357
22593505
19033408
4943304
5241691
15533003
6495596
8029421
14312212
11400497
5756869
15450892
11366610
11045738
24128774
10279905
8246918
12035344
13281121
13268879
1440656
13172636
10111392
18259885
3095831
12132299
18454396
15014643
25415572
4325533
4271234
6606330
6666705
18982532
21425659
25438167
10142254
2202672
2045714
6780455
11403751
13747786
3850934
18295679
14235495
2621001
17472563
9454443
18968419
10824156
3013390
14162011
16376381
6304829
9990793
11940829
21095546
5998466
27626962
8300740
26858945
6542014
14521643
15426067
11668098
12763385
5295416
14719460
14351290
5379661
1003509
12506757
16391126
13277747
2711327
5757627
4992118
10794612
17527088
21461675
17305627
16067577
18168467
17531612
19777557
10747841
2182900
25187990
10620009
9121702
864737
6576990
3050468
9256444
18942091
10241695
8403323
10120393
25120772
10650887
16174379
3846742
6025080
17664545
8040973
17676158
13666026
18883422
8419838
10615249
15001072
7418841
18092470
28904982
10933675
11715744
12970158
12765926
5509700
13848804
8416125
15560599
16360690
26356634
4422356
4537522
24651483
6099368
5769861
11232386
3297378
15867701
2651459
19223276
11704747
18448111
10426357
13566307
21880446
9307675
22606985
18060086
18507292
846836
11517465
5686373
4481654
19794423
15875150
11762824
12745541
18704877
18532254
4954745
9203843
5985836
11728621
21103436
16164147
9413169
9295650
5101006
14708704
8992385
6876857
17914700
24313860
4383272
1323972
3601952
4299672
21546460
17326396
17039774
14490287
20260882
9852954
23572659
12391277
16338051
4267903
8360950
8455389
18974179
18757703
21421184
10451368
12555841
3123854
17064201
20847466
20864662
13166777
10759728
10737414
17163115
4893369
21464855
12442989
16577582
15002089
18634030
7088345
5657790
3466261
9584362
3807544
9527802
23161439
725596
11130414
1040755
6334255
21101439
1667895
23954539
13802231
17686919
6495545
25125314
15936560
25444581
7570695
21953565
1757042
26411299
6293163
5642137
9536845
2494213
13190530
13646018
27058749
8906298
9365507
14552267
16122605
4665339
8182876
4010982
7797941
6136429
246192
28739697
1215847
14390751
16975853
11738413
3115955
12398038
14016002
4771865
19760845
8939482
8756723
15933694
2244537
7292399
3294087
18415743
12055480
24777780
7705495
20229637
10334947
5308151
17047664
17572950
16776601
18913791
3064513
11327314
19983123
7187198
14999082
10578199
6769971
15055215
12665631
26493558
11710629
20912776
17739400
9825344
11547344
14168055
7852968
3841025
16469721
15540184
11185743
11719049
16839424
17771434
14099145
26070863
15836982
4543310
17961458
3647834
5492662
15980820
23452575
2225274
18001586
20706182
14707211
7124863
8975048
21437996
19532337
17400046
14645851
29580403
1697709
14594270
10237380
10025694
10198154
10382365
14138287
25754827
7529004
21320329
15585785
14326700
13727672
14968193
16409214
15362570
16691737
24768234
9729068
4847126
9626001
14185589
10420029
13458020
4448292
17963231
4084666
6266498
20932146
1383002
16019870
18568447
3320795
10683902
19005781
14015555
5281071
7783434
12265329
2343747
5776608
25599679
21822826
14147652
21590311
30745179
7618964
11602497
9711722
15334265
2135705
6785504
7918200
19882918
8176373
10871847
6058507
15912499
19331201
13179437
14156287
18753188
17558981
18400088
10759842
16680131
28310296
9470166
17970058
17620473
26088811
14132377
13605735
13851482
17004667
8890216
16183436
17489963
17735098
9088181
5991425
7125726
9493948
20307559
16604519
17287377
5682160
5999815
13692611
17867083
7902095
24431826
30366238
5935734
28073163
9277756
19831373
10436573
10291159
19550361
11109920
7801024
546759
2087120
18307274
23087540
16468489
16540948
12097392
14910389
21948774
18104818
13236602
12950647
16427390
7245275
15013205
12357852
11062396
16676231
13958747
15313594
260537
29563477
11691111
26180503
7710337
16633279
4906907
11474179
11805231
6988103
14145035
16552726
286916
14751044
1229298
6960629
14435484
5793176
16649719
4192092
17864401
23664350
10928055
8695677
21877940
18929915
9332739
6714925
3272224
16646831
17683403
2793868
9177529
17480446
11741882
13328044
10037347
15827392
3251251
9884326
17524928
10153197
6679923
14350550
